[38;2;0;0;0m[48;2;0;0;0m▀[38;2;0;0;0m[48;2;0;0;0m▀[38;2;0;0;0m[48;2;0;0;0m▀[38;2;0;0;0m[48;2;0;0;0m▀[38;2;0;0;0m[48;2;0;0;0m▀[38;2;0;0;0m[48;2;0;0;0m▀[38;2;0;0;0m[48;2;0;0;0m▀[38;2;0;0;0m[48;2;0;0;0m▀[38;2;0;0;0m[48;2;0;0;0m▀[38;2;0;0;0m[48;2;0;0;0m▀[38;2;0;0;0m[48;2;0;0;0m▀[38;2;0;0;0m[48;2;0;0;0m▀[38;2;0;0;0m[48;2;0;0;0m▀[38;2;0;0;0m[48;2;0;0;0m▀[38;2;0;0;0m[48;2;0;0;0m▀[38;2;0;0;0m[48;2;0;0;0m▀[38;2;0;0;0m[48;2;0;0;0m▀[38;2;0;0;0m[48;2;0;0;0m▀[38;2;0;0;0m[48;2;0;0;0m▀[38;2;0;0;0m[48;2;0;0;0m▀[38;2;0;0;0m[48;2;0;0;0m▀[38;2;0;0;0m[48;2;0;0;0m▀[38;2;0;0;0m[48;2;0;0;0m▀[38;2;0;0;0m[48;2;0;0;0m▀[38;2;0;0;0m[48;2;0;0;0m▀[38;2;0;0;0m[48;2;0;0;0m▀[38;2;0;0;0m[48;2;0;0;0m▀[38;2;0;0;0m[48;2;0;0;0m▀[38;2;0;0;0m[48;2;0;0;0m▀[38;2;0;0;0m[48;2;0;0;0m▀[38;2;0;0;0m[48;2;0;0;0m▀[38;2;0;0;0m[48;2;0;0;0m▀[38;2;0;0;0m[48;2;0;0;0m▀[38;2;0;0;0m[48;2;0;0;0m▀[38;2;0;0;0m[48;2;0;0;0m▀[38;2;0;0;0m[48;2;0;0;0m▀[38;2;0;0;0m[48;2;0;0;0m▀[38;2;0;0;0m[48;2;0;0;0m▀[38;2;0;0;0m[48;2;0;0;0m▀[38;2;0;0;0m[48;2;0;0;0m▀[38;2;0;0;0m[48;2;0;0;0m▀[38;2;0;0;0m[48;2;0;0;0m▀[38;2;0;0;0m[48;2;0;0;0m▀[38;2;0;0;0m[48;2;0;0;0m▀[38;2;0;0;0m[48;2;0;0;0m▀[38;2;0;0;0m[48;2;0;0;0m▀[38;2;0;0;0m[48;2;0;0;0m▀[38;2;0;0;0m[48;2;0;0;0m▀[38;2;0;0;0m[48;2;0;0;0m▀[38;2;0;0;0m[48;2;0;0;0m▀[38;2;0;0;0m[48;2;0;0;0m▀[38;2;0;0;0m[48;2;0;0;0m▀[38;2;0;0;0m[48;2;0;0;0m▀[38;2;0;0;0m[48;2;0;0;0m▀[38;2;0;0;0m[48;2;0;0;0m▀[38;2;0;0;0m[48;2;0;0;0m▀[38;2;0;0;0m[48;2;0;0;0m▀[38;2;0;0;0m[48;2;0;0;0m▀[38;2;0;0;0m[48;2;0;0;0m▀[38;2;0;0;0m[48;2;0;0;0m▀[38;2;0;0;0m[48;2;0;0;0m▀[38;2;0;0;0m[48;2;0;0;0m▀[38;2;0;0;0m[48;2;0;0;0m▀[38;2;0;0;0m[48;2;0;0;0m▀[38;2;0;0;0m[48;2;0;0;0m▀[38;2;0;0;0m[48;2;0;0;0m▀[38;2;0;0;0m[48;2;0;0;0m▀[38;2;0;0;0m[48;2;0;0;0m▀[38;2;0;0;0m[48;2;0;0;0m▀[38;2;0;0;0m[48;2;0;0;0m▀[38;2;0;0;0m[48;2;0;0;0m▀[38;2;0;0;0m[48;2;0;0;0m▀[38;2;0;0;0m[48;2;0;0;0m▀[38;2;0;0;0m[48;2;0;0;0m▀[38;2;0;0;0m[48;2;0;0;0m▀[38;2;0;0;0m[48;2;0;0;0m▀[38;2;0;0;0m[48;2;0;0;0m▀[38;2;0;0;0m[48;2;0;0;0m▀[38;2;0;0;0m[48;2;0;0;0m▀[38;2;0;0;0m[48;2;0;0;0m▀[0m
[38;2;0;0;0m[48;2;0;0;0m▀[38;2;0;0;0m[48;2;0;0;0m▀[38;2;0;0;0m[48;2;0;0;0m▀[38;2;0;0;0m[48;2;0;0;0m▀[38;2;0;0;0m[48;2;0;0;0m▀[38;2;0;0;0m[48;2;0;0;0m▀[38;2;0;0;0m[48;2;0;0;0m▀[38;2;0;0;0m[48;2;0;0;0m▀[38;2;0;0;0m[48;2;0;0;0m▀[38;2;0;0;0m[48;2;0;0;0m▀[38;2;0;0;0m[48;2;0;0;0m▀[38;2;0;0;0m[48;2;0;0;0m▀[38;2;0;0;0m[48;2;0;0;0m▀[38;2;0;0;0m[48;2;0;0;0m▀[38;2;0;0;0m[48;2;0;0;0m▀[38;2;0;0;0m[48;2;0;0;0m▀[38;2;0;0;0m[48;2;0;0;0m▀[38;2;0;0;0m[48;2;0;0;0m▀[38;2;0;0;0m[48;2;0;0;0m▀[38;2;0;0;0m[48;2;0;0;0m▀[38;2;0;0;0m[48;2;0;0;0m▀[38;2;0;0;0m[48;2;0;0;0m▀[38;2;0;0;0m[48;2;0;0;0m▀[38;2;0;0;0m[48;2;0;0;0m▀[38;2;0;0;0m[48;2;0;0;0m▀[38;2;0;0;0m[48;2;0;0;0m▀[38;2;0;0;0m[48;2;0;0;0m▀[38;2;0;0;0m[48;2;0;0;0m▀[38;2;0;0;0m[48;2;0;0;0m▀[38;2;0;0;0m[48;2;0;0;0m▀[38;2;0;0;0m[48;2;0;0;0m▀[38;2;0;0;0m[48;2;0;0;0m▀[38;2;0;0;0m[48;2;0;0;0m▀[38;2;0;0;0m[48;2;0;0;0m▀[38;2;0;0;0m[48;2;0;0;0m▀[38;2;0;0;0m[48;2;0;0;0m▀[38;2;0;0;0m[48;2;0;0;0m▀[38;2;0;0;0m[48;2;0;0;0m▀[38;2;0;0;0m[48;2;0;0;0m▀[38;2;0;0;0m[48;2;0;0;0m▀[38;2;0;0;0m[48;2;0;0;0m▀[38;2;0;0;0m[48;2;0;0;0m▀[38;2;0;0;0m[48;2;0;0;0m▀[38;2;0;0;0m[48;2;0;0;0m▀[38;2;0;0;0m[48;2;0;0;0m▀[38;2;0;0;0m[48;2;0;0;0m▀[38;2;0;0;0m[48;2;0;0;0m▀[38;2;0;0;0m[48;2;0;0;0m▀[38;2;0;0;0m[48;2;0;0;0m▀[38;2;0;0;0m[48;2;0;0;0m▀[38;2;0;0;0m[48;2;0;0;0m▀[38;2;0;0;0m[48;2;0;0;0m▀[38;2;0;0;0m[48;2;0;0;0m▀[38;2;0;0;0m[48;2;0;0;0m▀[38;2;0;0;0m[48;2;0;0;0m▀[38;2;0;0;0m[48;2;0;0;0m▀[38;2;0;0;0m[48;2;0;0;0m▀[38;2;0;0;0m[48;2;0;0;0m▀[38;2;0;0;0m[48;2;0;0;0m▀[38;2;0;0;0m[48;2;0;0;0m▀[38;2;0;0;0m[48;2;0;0;0m▀[38;2;0;0;0m[48;2;0;0;0m▀[38;2;0;0;0m[48;2;0;0;0m▀[38;2;0;0;0m[48;2;0;0;0m▀[38;2;0;0;0m[48;2;0;0;0m▀[38;2;0;0;0m[48;2;0;0;0m▀[38;2;0;0;0m[48;2;0;0;0m▀[38;2;0;0;0m[48;2;0;0;0m▀[38;2;0;0;0m[48;2;0;0;0m▀[38;2;0;0;0m[48;2;0;0;0m▀[38;2;0;0;0m[48;2;0;0;0m▀[38;2;0;0;0m[48;2;0;0;0m▀[38;2;0;0;0m[48;2;0;0;0m▀[38;2;0;0;0m[48;2;0;0;0m▀[38;2;0;0;0m[48;2;0;0;0m▀[38;2;0;0;0m[48;2;0;0;0m▀[38;2;0;0;0m[48;2;0;0;0m▀[38;2;0;0;0m[48;2;0;0;0m▀[38;2;0;0;0m[48;2;0;0;0m▀[38;2;0;0;0m[48;2;0;0;0m▀[0m
[38;2;0;0;0m[48;2;0;0;0m▀[38;2;0;0;0m[48;2;0;0;0m▀[38;2;0;0;0m[48;2;0;0;0m▀[38;2;0;0;0m[48;2;0;0;0m▀[38;2;0;0;0m[48;2;0;0;0m▀[38;2;0;0;0m[48;2;0;0;0m▀[38;2;0;0;0m[48;2;0;0;0m▀[38;2;0;0;0m[48;2;0;0;0m▀[38;2;0;0;0m[48;2;0;0;0m▀[38;2;0;0;0m[48;2;0;0;0m▀[38;2;0;0;0m[48;2;0;0;0m▀[38;2;0;0;0m[48;2;0;0;0m▀[38;2;0;0;0m[48;2;0;0;0m▀[38;2;0;0;0m[48;2;0;0;0m▀[38;2;0;0;0m[48;2;0;0;0m▀[38;2;0;0;0m[48;2;0;0;0m▀[38;2;0;0;0m[48;2;0;0;0m▀[38;2;0;0;0m[48;2;0;0;0m▀[38;2;0;0;0m[48;2;0;0;0m▀[38;2;0;0;0m[48;2;0;0;0m▀[38;2;0;0;0m[48;2;0;0;0m▀[38;2;0;0;0m[48;2;0;0;0m▀[38;2;0;0;0m[48;2;0;0;0m▀[38;2;0;0;0m[48;2;0;0;0m▀[38;2;0;0;0m[48;2;0;0;0m▀[38;2;0;0;0m[48;2;0;0;0m▀[38;2;0;0;0m[48;2;0;0;0m▀[38;2;0;0;0m[48;2;0;0;0m▀[38;2;0;0;0m[48;2;0;0;0m▀[38;2;0;0;0m[48;2;0;0;0m▀[38;2;0;0;0m[48;2;0;0;0m▀[38;2;0;0;0m[48;2;0;0;0m▀[38;2;0;0;0m[48;2;0;0;0m▀[38;2;0;0;0m[48;2;0;0;0m▀[38;2;0;0;0m[48;2;0;0;0m▀[38;2;0;0;0m[48;2;0;0;0m▀[38;2;0;0;0m[48;2;0;0;0m▀[38;2;0;0;0m[48;2;0;0;0m▀[38;2;0;0;0m[48;2;0;0;0m▀[38;2;0;0;0m[48;2;0;0;0m▀[38;2;0;0;0m[48;2;0;0;0m▀[38;2;0;0;0m[48;2;0;0;0m▀[38;2;0;0;0m[48;2;0;0;0m▀[38;2;0;0;0m[48;2;0;0;0m▀[38;2;0;0;0m[48;2;0;0;0m▀[38;2;0;0;0m[48;2;0;0;0m▀[38;2;0;0;0m[48;2;0;0;0m▀[38;2;0;0;0m[48;2;0;0;0m▀[38;2;0;0;0m[48;2;0;0;0m▀[38;2;0;0;0m[48;2;0;0;0m▀[38;2;0;0;0m[48;2;0;0;0m▀[38;2;0;0;0m[48;2;0;0;0m▀[38;2;0;0;0m[48;2;0;0;0m▀[38;2;0;0;0m[48;2;0;0;0m▀[38;2;0;0;0m[48;2;0;0;0m▀[38;2;0;0;0m[48;2;0;0;0m▀[38;2;0;0;0m[48;2;0;0;0m▀[38;2;0;0;0m[48;2;0;0;0m▀[38;2;0;0;0m[48;2;0;0;0m▀[38;2;0;0;0m[48;2;0;0;0m▀[38;2;0;0;0m[48;2;0;0;0m▀[38;2;0;0;0m[48;2;0;0;0m▀[38;2;0;0;0m[48;2;0;0;0m▀[38;2;0;0;0m[48;2;0;0;0m▀[38;2;0;0;0m[48;2;0;0;0m▀[38;2;0;0;0m[48;2;0;0;0m▀[38;2;0;0;0m[48;2;0;0;0m▀[38;2;0;0;0m[48;2;0;0;0m▀[38;2;0;0;0m[48;2;0;0;0m▀[38;2;0;0;0m[48;2;0;0;0m▀[38;2;0;0;0m[48;2;0;0;0m▀[38;2;0;0;0m[48;2;0;0;0m▀[38;2;0;0;0m[48;2;0;0;0m▀[38;2;0;0;0m[48;2;0;0;0m▀[38;2;0;0;0m[48;2;0;0;0m▀[38;2;0;0;0m[48;2;0;0;0m▀[38;2;0;0;0m[48;2;0;0;0m▀[38;2;0;0;0m[48;2;0;0;0m▀[38;2;0;0;0m[48;2;0;0;0m▀[38;2;0;0;0m[48;2;0;0;0m▀[0m
[38;2;0;0;0m[48;2;0;0;0m▀[38;2;0;0;0m[48;2;0;0;0m▀[38;2;0;0;0m[48;2;0;0;0m▀[38;2;0;0;0m[48;2;0;0;0m▀[38;2;0;0;0m[48;2;0;0;0m▀[38;2;0;0;0m[48;2;0;0;0m▀[38;2;0;0;0m[48;2;0;0;0m▀[38;2;0;0;0m[48;2;0;0;0m▀[38;2;0;0;0m[48;2;0;0;0m▀[38;2;0;0;0m[48;2;0;0;0m▀[38;2;0;0;0m[48;2;0;0;0m▀[38;2;0;0;0m[48;2;0;0;0m▀[38;2;0;0;0m[48;2;0;0;0m▀[38;2;0;0;0m[48;2;0;0;0m▀[38;2;0;0;0m[48;2;0;0;0m▀[38;2;0;0;0m[48;2;0;0;0m▀[38;2;0;0;0m[48;2;0;0;0m▀[38;2;0;0;0m[48;2;0;0;0m▀[38;2;0;0;0m[48;2;0;0;0m▀[38;2;0;0;0m[48;2;0;0;0m▀[38;2;0;0;0m[48;2;0;0;0m▀[38;2;0;0;0m[48;2;0;0;0m▀[38;2;0;0;0m[48;2;0;0;0m▀[38;2;0;0;0m[48;2;0;0;0m▀[38;2;0;0;0m[48;2;0;0;0m▀[38;2;0;0;0m[48;2;0;0;0m▀[38;2;0;0;0m[48;2;0;0;0m▀[38;2;0;0;0m[48;2;0;0;0m▀[38;2;0;0;0m[48;2;0;0;0m▀[38;2;0;0;0m[48;2;0;0;0m▀[38;2;0;0;0m[48;2;0;0;0m▀[38;2;0;0;0m[48;2;0;0;0m▀[38;2;0;0;0m[48;2;0;0;0m▀[38;2;0;0;0m[48;2;0;0;0m▀[38;2;0;0;0m[48;2;0;0;0m▀[38;2;0;0;0m[48;2;0;0;0m▀[38;2;0;0;0m[48;2;0;0;0m▀[38;2;0;0;0m[48;2;0;0;0m▀[38;2;0;0;0m[48;2;0;0;0m▀[38;2;0;0;0m[48;2;0;0;0m▀[38;2;0;0;0m[48;2;0;0;0m▀[38;2;0;0;0m[48;2;0;0;0m▀[38;2;0;0;0m[48;2;0;0;0m▀[38;2;0;0;0m[48;2;0;0;0m▀[38;2;0;0;0m[48;2;0;0;0m▀[38;2;0;0;0m[48;2;0;0;0m▀[38;2;0;0;0m[48;2;0;0;0m▀[38;2;0;0;0m[48;2;0;0;0m▀[38;2;0;0;0m[48;2;0;0;0m▀[38;2;0;0;0m[48;2;0;0;0m▀[38;2;0;0;0m[48;2;0;0;0m▀[38;2;0;0;0m[48;2;0;0;0m▀[38;2;0;0;0m[48;2;0;0;0m▀[38;2;0;0;0m[48;2;0;0;0m▀[38;2;0;0;0m[48;2;0;0;0m▀[38;2;0;0;0m[48;2;0;0;0m▀[38;2;0;0;0m[48;2;0;0;0m▀[38;2;0;0;0m[48;2;0;0;0m▀[38;2;0;0;0m[48;2;0;0;0m▀[38;2;0;0;0m[48;2;0;0;0m▀[38;2;0;0;0m[48;2;0;0;0m▀[38;2;0;0;0m[48;2;0;0;0m▀[38;2;0;0;0m[48;2;0;0;0m▀[38;2;0;0;0m[48;2;0;0;0m▀[38;2;0;0;0m[48;2;0;0;0m▀[38;2;0;0;0m[48;2;0;0;0m▀[38;2;0;0;0m[48;2;0;0;0m▀[38;2;0;0;0m[48;2;0;0;0m▀[38;2;0;0;0m[48;2;0;0;0m▀[38;2;0;0;0m[48;2;0;0;0m▀[38;2;0;0;0m[48;2;0;0;0m▀[38;2;0;0;0m[48;2;0;0;0m▀[38;2;0;0;0m[48;2;0;0;0m▀[38;2;0;0;0m[48;2;0;0;0m▀[38;2;0;0;0m[48;2;0;0;0m▀[38;2;0;0;0m[48;2;0;0;0m▀[38;2;0;0;0m[48;2;0;0;0m▀[38;2;0;0;0m[48;2;0;0;0m▀[38;2;0;0;0m[48;2;0;0;0m▀[38;2;0;0;0m[48;2;0;0;0m▀[0m
[38;2;0;0;0m[48;2;0;0;0m▀[38;2;0;0;0m[48;2;0;0;0m▀[38;2;0;0;0m[48;2;0;0;0m▀[38;2;0;0;0m[48;2;0;0;0m▀[38;2;0;0;0m[48;2;0;0;0m▀[38;2;0;0;0m[48;2;0;0;0m▀[38;2;0;0;0m[48;2;0;0;0m▀[38;2;0;0;0m[48;2;0;0;0m▀[38;2;0;0;0m[48;2;0;0;0m▀[38;2;0;0;0m[48;2;0;0;0m▀[38;2;0;0;0m[48;2;0;0;0m▀[38;2;0;0;0m[48;2;0;0;0m▀[38;2;0;0;0m[48;2;0;0;0m▀[38;2;0;0;0m[48;2;0;0;0m▀[38;2;0;0;0m[48;2;0;0;0m▀[38;2;0;0;0m[48;2;0;0;0m▀[38;2;0;0;0m[48;2;0;0;0m▀[38;2;0;0;0m[48;2;0;0;0m▀[38;2;0;0;0m[48;2;0;0;0m▀[38;2;0;0;0m[48;2;0;0;0m▀[38;2;0;0;0m[48;2;0;0;0m▀[38;2;0;0;0m[48;2;0;0;0m▀[38;2;0;0;0m[48;2;0;0;0m▀[38;2;0;0;0m[48;2;0;0;0m▀[38;2;0;0;0m[48;2;0;0;0m▀[38;2;0;0;0m[48;2;0;0;0m▀[38;2;0;0;0m[48;2;0;0;0m▀[38;2;0;0;0m[48;2;0;0;0m▀[38;2;0;0;0m[48;2;0;0;0m▀[38;2;0;0;0m[48;2;0;0;0m▀[38;2;0;0;0m[48;2;0;0;0m▀[38;2;0;0;0m[48;2;0;0;0m▀[38;2;0;0;0m[48;2;0;0;0m▀[38;2;0;0;0m[48;2;0;0;0m▀[38;2;0;0;0m[48;2;0;0;0m▀[38;2;0;0;0m[48;2;0;0;0m▀[38;2;0;0;0m[48;2;0;0;0m▀[38;2;0;0;0m[48;2;0;0;0m▀[38;2;0;0;0m[48;2;0;0;0m▀[38;2;0;0;0m[48;2;0;0;0m▀[38;2;0;0;0m[48;2;0;0;0m▀[38;2;0;0;0m[48;2;0;0;0m▀[38;2;0;0;0m[48;2;0;0;0m▀[38;2;0;0;0m[48;2;0;0;0m▀[38;2;0;0;0m[48;2;0;0;0m▀[38;2;0;0;0m[48;2;0;0;0m▀[38;2;0;0;0m[48;2;0;0;0m▀[38;2;0;0;0m[48;2;0;0;0m▀[38;2;0;0;0m[48;2;0;0;0m▀[38;2;0;0;0m[48;2;0;0;0m▀[38;2;0;0;0m[48;2;0;0;0m▀[38;2;0;0;0m[48;2;0;0;0m▀[38;2;0;0;0m[48;2;0;0;0m▀[38;2;0;0;0m[48;2;0;0;0m▀[38;2;0;0;0m[48;2;0;0;0m▀[38;2;0;0;0m[48;2;0;0;0m▀[38;2;0;0;0m[48;2;0;0;0m▀[38;2;0;0;0m[48;2;0;0;0m▀[38;2;0;0;0m[48;2;0;0;0m▀[38;2;0;0;0m[48;2;0;0;0m▀[38;2;0;0;0m[48;2;0;0;0m▀[38;2;0;0;0m[48;2;0;0;0m▀[38;2;0;0;0m[48;2;0;0;0m▀[38;2;0;0;0m[48;2;0;0;0m▀[38;2;0;0;0m[48;2;0;0;0m▀[38;2;0;0;0m[48;2;0;0;0m▀[38;2;0;0;0m[48;2;0;0;0m▀[38;2;0;0;0m[48;2;0;0;0m▀[38;2;0;0;0m[48;2;0;0;0m▀[38;2;0;0;0m[48;2;0;0;0m▀[38;2;0;0;0m[48;2;0;0;0m▀[38;2;0;0;0m[48;2;0;0;0m▀[38;2;0;0;0m[48;2;0;0;0m▀[38;2;0;0;0m[48;2;0;0;0m▀[38;2;0;0;0m[48;2;0;0;0m▀[38;2;0;0;0m[48;2;0;0;0m▀[38;2;0;0;0m[48;2;0;0;0m▀[38;2;0;0;0m[48;2;0;0;0m▀[38;2;0;0;0m[48;2;0;0;0m▀[38;2;0;0;0m[48;2;0;0;0m▀[0m
[38;2;0;0;0m[48;2;0;0;0m▀[38;2;0;0;0m[48;2;0;0;0m▀[38;2;0;0;0m[48;2;0;0;0m▀[38;2;0;0;0m[48;2;0;0;0m▀[38;2;0;0;0m[48;2;0;0;0m▀[38;2;0;0;0m[48;2;0;0;0m▀[38;2;0;0;0m[48;2;0;0;0m▀[38;2;0;0;0m[48;2;0;0;0m▀[38;2;0;0;0m[48;2;0;0;0m▀[38;2;0;0;0m[48;2;0;0;0m▀[38;2;0;0;0m[48;2;0;0;0m▀[38;2;0;0;0m[48;2;0;0;0m▀[38;2;0;0;0m[48;2;0;0;0m▀[38;2;0;0;0m[48;2;0;0;0m▀[38;2;0;0;0m[48;2;0;0;0m▀[38;2;0;0;0m[48;2;0;0;0m▀[38;2;0;0;0m[48;2;0;0;0m▀[38;2;0;0;0m[48;2;0;0;0m▀[38;2;0;0;0m[48;2;0;0;0m▀[38;2;0;0;0m[48;2;0;0;0m▀[38;2;0;0;0m[48;2;0;0;0m▀[38;2;0;0;0m[48;2;0;0;0m▀[38;2;0;0;0m[48;2;0;0;0m▀[38;2;0;0;0m[48;2;0;0;0m▀[38;2;0;0;0m[48;2;0;0;0m▀[38;2;0;0;0m[48;2;0;0;0m▀[38;2;0;0;0m[48;2;0;0;0m▀[38;2;0;0;0m[48;2;0;0;0m▀[38;2;0;0;0m[48;2;0;0;0m▀[38;2;0;0;0m[48;2;0;0;0m▀[38;2;0;0;0m[48;2;0;0;0m▀[38;2;0;0;0m[48;2;0;0;0m▀[38;2;0;0;0m[48;2;0;0;0m▀[38;2;0;0;0m[48;2;0;0;0m▀[38;2;0;0;0m[48;2;0;0;0m▀[38;2;0;0;0m[48;2;0;0;0m▀[38;2;0;0;0m[48;2;0;0;0m▀[38;2;0;0;0m[48;2;0;0;0m▀[38;2;0;0;0m[48;2;0;0;0m▀[38;2;0;0;0m[48;2;0;0;0m▀[38;2;0;0;0m[48;2;0;0;0m▀[38;2;0;0;0m[48;2;0;0;0m▀[38;2;0;0;0m[48;2;0;0;0m▀[38;2;0;0;0m[48;2;0;0;0m▀[38;2;0;0;0m[48;2;0;0;0m▀[38;2;0;0;0m[48;2;0;0;0m▀[38;2;0;0;0m[48;2;0;0;0m▀[38;2;0;0;0m[48;2;0;0;0m▀[38;2;0;0;0m[48;2;0;0;0m▀[38;2;0;0;0m[48;2;0;0;0m▀[38;2;0;0;0m[48;2;0;0;0m▀[38;2;0;0;0m[48;2;0;0;0m▀[38;2;0;0;0m[48;2;0;0;0m▀[38;2;0;0;0m[48;2;0;0;0m▀[38;2;0;0;0m[48;2;0;0;0m▀[38;2;0;0;0m[48;2;0;0;0m▀[38;2;0;0;0m[48;2;0;0;0m▀[38;2;0;0;0m[48;2;0;0;0m▀[38;2;0;0;0m[48;2;0;0;0m▀[38;2;0;0;0m[48;2;0;0;0m▀[38;2;0;0;0m[48;2;0;0;0m▀[38;2;0;0;0m[48;2;0;0;0m▀[38;2;0;0;0m[48;2;0;0;0m▀[38;2;0;0;0m[48;2;0;0;0m▀[38;2;0;0;0m[48;2;0;0;0m▀[38;2;0;0;0m[48;2;0;0;0m▀[38;2;0;0;0m[48;2;0;0;0m▀[38;2;0;0;0m[48;2;0;0;0m▀[38;2;0;0;0m[48;2;0;0;0m▀[38;2;0;0;0m[48;2;0;0;0m▀[38;2;0;0;0m[48;2;0;0;0m▀[38;2;0;0;0m[48;2;0;0;0m▀[38;2;0;0;0m[48;2;0;0;0m▀[38;2;0;0;0m[48;2;0;0;0m▀[38;2;0;0;0m[48;2;0;0;0m▀[38;2;0;0;0m[48;2;0;0;0m▀[38;2;0;0;0m[48;2;0;0;0m▀[38;2;0;0;0m[48;2;0;0;0m▀[38;2;0;0;0m[48;2;0;0;0m▀[38;2;0;0;0m[48;2;0;0;0m▀[0m
[38;2;0;0;0m[48;2;0;0;0m▀[38;2;0;0;0m[48;2;0;0;0m▀[38;2;0;0;0m[48;2;0;0;0m▀[38;2;0;0;0m[48;2;0;0;0m▀[38;2;0;0;0m[48;2;0;0;0m▀[38;2;0;0;0m[48;2;0;0;0m▀[38;2;0;0;0m[48;2;0;0;0m▀[38;2;0;0;0m[48;2;0;0;0m▀[38;2;0;0;0m[48;2;0;0;0m▀[38;2;0;0;0m[48;2;0;0;0m▀[38;2;0;0;0m[48;2;0;0;0m▀[38;2;0;0;0m[48;2;0;0;0m▀[38;2;0;0;0m[48;2;0;0;0m▀[38;2;0;0;0m[48;2;0;0;0m▀[38;2;0;0;0m[48;2;0;0;0m▀[38;2;0;0;0m[48;2;0;0;0m▀[38;2;0;0;0m[48;2;0;0;0m▀[38;2;0;0;0m[48;2;0;0;0m▀[38;2;0;0;0m[48;2;0;0;0m▀[38;2;0;0;0m[48;2;0;0;0m▀[38;2;0;0;0m[48;2;0;0;0m▀[38;2;0;0;0m[48;2;0;0;0m▀[38;2;0;0;0m[48;2;0;0;0m▀[38;2;0;0;0m[48;2;0;0;0m▀[38;2;0;0;0m[48;2;0;0;0m▀[38;2;0;0;0m[48;2;0;0;0m▀[38;2;0;0;0m[48;2;0;0;0m▀[38;2;0;0;0m[48;2;0;0;0m▀[38;2;0;0;0m[48;2;0;0;0m▀[38;2;0;0;0m[48;2;0;0;0m▀[38;2;0;0;0m[48;2;0;0;0m▀[38;2;0;0;0m[48;2;0;0;0m▀[38;2;0;0;0m[48;2;0;0;0m▀[38;2;0;0;0m[48;2;0;0;0m▀[38;2;0;0;0m[48;2;0;0;0m▀[38;2;0;0;0m[48;2;0;0;0m▀[38;2;0;0;0m[48;2;0;0;0m▀[38;2;0;0;0m[48;2;0;0;0m▀[38;2;0;0;0m[48;2;0;0;0m▀[38;2;0;0;0m[48;2;0;0;0m▀[38;2;0;0;0m[48;2;0;0;0m▀[38;2;0;0;0m[48;2;0;0;0m▀[38;2;0;0;0m[48;2;0;0;0m▀[38;2;0;0;0m[48;2;0;0;0m▀[38;2;0;0;0m[48;2;0;0;0m▀[38;2;0;0;0m[48;2;0;0;0m▀[38;2;0;0;0m[48;2;0;0;0m▀[38;2;0;0;0m[48;2;0;0;0m▀[38;2;0;0;0m[48;2;0;0;0m▀[38;2;0;0;0m[48;2;0;0;0m▀[38;2;0;0;0m[48;2;0;0;0m▀[38;2;0;0;0m[48;2;0;0;0m▀[38;2;0;0;0m[48;2;0;0;0m▀[38;2;0;0;0m[48;2;0;0;0m▀[38;2;0;0;0m[48;2;0;0;0m▀[38;2;0;0;0m[48;2;0;0;0m▀[38;2;0;0;0m[48;2;0;0;0m▀[38;2;0;0;0m[48;2;0;0;0m▀[38;2;0;0;0m[48;2;0;0;0m▀[38;2;0;0;0m[48;2;0;0;0m▀[38;2;0;0;0m[48;2;0;0;0m▀[38;2;0;0;0m[48;2;0;0;0m▀[38;2;0;0;0m[48;2;0;0;0m▀[38;2;0;0;0m[48;2;0;0;0m▀[38;2;0;0;0m[48;2;0;0;0m▀[38;2;0;0;0m[48;2;0;0;0m▀[38;2;0;0;0m[48;2;0;0;0m▀[38;2;0;0;0m[48;2;0;0;0m▀[38;2;0;0;0m[48;2;0;0;0m▀[38;2;0;0;0m[48;2;0;0;0m▀[38;2;0;0;0m[48;2;0;0;0m▀[38;2;0;0;0m[48;2;0;0;0m▀[38;2;0;0;0m[48;2;0;0;0m▀[38;2;0;0;0m[48;2;0;0;0m▀[38;2;0;0;0m[48;2;0;0;0m▀[38;2;0;0;0m[48;2;0;0;0m▀[38;2;0;0;0m[48;2;0;0;0m▀[38;2;0;0;0m[48;2;0;0;0m▀[38;2;0;0;0m[48;2;0;0;0m▀[38;2;0;0;0m[48;2;0;0;0m▀[0m
[38;2;0;0;0m[48;2;0;0;0m▀[38;2;0;0;0m[48;2;0;0;0m▀[38;2;0;0;0m[48;2;0;0;0m▀[38;2;0;0;0m[48;2;0;0;0m▀[38;2;0;0;0m[48;2;0;0;0m▀[38;2;0;0;0m[48;2;0;0;0m▀[38;2;0;0;0m[48;2;0;0;0m▀[38;2;0;0;0m[48;2;0;0;0m▀[38;2;0;0;0m[48;2;0;0;0m▀[38;2;0;0;0m[48;2;0;0;0m▀[38;2;0;0;0m[48;2;0;0;0m▀[38;2;0;0;0m[48;2;0;0;0m▀[38;2;0;0;0m[48;2;0;0;0m▀[38;2;0;0;0m[48;2;0;0;0m▀[38;2;0;0;0m[48;2;0;0;0m▀[38;2;0;0;0m[48;2;0;0;0m▀[38;2;0;0;0m[48;2;0;0;0m▀[38;2;0;0;0m[48;2;0;0;0m▀[38;2;0;0;0m[48;2;0;0;0m▀[38;2;0;0;0m[48;2;0;0;0m▀[38;2;0;0;0m[48;2;0;0;0m▀[38;2;0;0;0m[48;2;0;0;0m▀[38;2;0;0;0m[48;2;0;0;0m▀[38;2;0;0;0m[48;2;0;0;0m▀[38;2;0;0;0m[48;2;0;0;0m▀[38;2;0;0;0m[48;2;0;0;0m▀[38;2;0;0;0m[48;2;0;0;0m▀[38;2;0;0;0m[48;2;0;0;0m▀[38;2;0;0;0m[48;2;0;0;0m▀[38;2;0;0;0m[48;2;0;0;0m▀[38;2;0;0;0m[48;2;0;0;0m▀[38;2;0;0;0m[48;2;0;0;0m▀[38;2;0;0;0m[48;2;0;0;0m▀[38;2;0;0;0m[48;2;0;0;0m▀[38;2;0;0;0m[48;2;0;0;0m▀[38;2;0;0;0m[48;2;0;0;0m▀[38;2;211;231;242m[48;2;206;233;244m▀[38;2;209;231;244m[48;2;206;235;243m▀[38;2;0;0;0m[48;2;0;0;0m▀[38;2;0;0;0m[48;2;0;0;0m▀[38;2;0;0;0m[48;2;0;0;0m▀[38;2;0;0;0m[48;2;0;0;0m▀[38;2;209;231;242m[48;2;206;233;244m▀[38;2;211;231;242m[48;2;206;233;244m▀[38;2;0;0;0m[48;2;0;0;0m▀[38;2;0;0;0m[48;2;0;0;0m▀[38;2;0;0;0m[48;2;0;0;0m▀[38;2;0;0;0m[48;2;0;0;0m▀[38;2;0;0;0m[48;2;0;0;0m▀[38;2;0;0;0m[48;2;0;0;0m▀[38;2;0;0;0m[48;2;0;0;0m▀[38;2;0;0;0m[48;2;0;0;0m▀[38;2;0;0;0m[48;2;0;0;0m▀[38;2;0;0;0m[48;2;0;0;0m▀[38;2;0;0;0m[48;2;0;0;0m▀[38;2;0;0;0m[48;2;0;0;0m▀[38;2;0;0;0m[48;2;0;0;0m▀[38;2;0;0;0m[48;2;0;0;0m▀[38;2;0;0;0m[48;2;0;0;0m▀[38;2;0;0;0m[48;2;0;0;0m▀[38;2;0;0;0m[48;2;0;0;0m▀[38;2;0;0;0m[48;2;0;0;0m▀[38;2;0;0;0m[48;2;0;0;0m▀[38;2;0;0;0m[48;2;0;0;0m▀[38;2;0;0;0m[48;2;0;0;0m▀[38;2;0;0;0m[48;2;0;0;0m▀[38;2;0;0;0m[48;2;0;0;0m▀[38;2;0;0;0m[48;2;0;0;0m▀[38;2;0;0;0m[48;2;0;0;0m▀[38;2;0;0;0m[48;2;0;0;0m▀[38;2;0;0;0m[48;2;0;0;0m▀[38;2;0;0;0m[48;2;0;0;0m▀[38;2;0;0;0m[48;2;0;0;0m▀[38;2;0;0;0m[48;2;0;0;0m▀[38;2;0;0;0m[48;2;0;0;0m▀[38;2;0;0;0m[48;2;0;0;0m▀[38;2;0;0;0m[48;2;0;0;0m▀[38;2;0;0;0m[48;2;0;0;0m▀[38;2;0;0;0m[48;2;0;0;0m▀[38;2;0;0;0m[48;2;0;0;0m▀[0m
[38;2;0;0;0m[48;2;0;0;0m▀[38;2;0;0;0m[48;2;0;0;0m▀[38;2;0;0;0m[48;2;0;0;0m▀[38;2;0;0;0m[48;2;0;0;0m▀[38;2;0;0;0m[48;2;0;0;0m▀[38;2;0;0;0m[48;2;0;0;0m▀[38;2;0;0;0m[48;2;0;0;0m▀[38;2;0;0;0m[48;2;0;0;0m▀[38;2;0;0;0m[48;2;0;0;0m▀[38;2;0;0;0m[48;2;0;0;0m▀[38;2;0;0;0m[48;2;0;0;0m▀[38;2;0;0;0m[48;2;0;0;0m▀[38;2;0;0;0m[48;2;0;0;0m▀[38;2;0;0;0m[48;2;0;0;0m▀[38;2;0;0;0m[48;2;0;0;0m▀[38;2;0;0;0m[48;2;0;0;0m▀[38;2;0;0;0m[48;2;0;0;0m▀[38;2;0;0;0m[48;2;0;0;0m▀[38;2;0;0;0m[48;2;0;0;0m▀[38;2;0;0;0m[48;2;0;0;0m▀[38;2;0;0;0m[48;2;0;0;0m▀[38;2;0;0;0m[48;2;0;0;0m▀[38;2;0;0;0m[48;2;0;0;0m▀[38;2;0;0;0m[48;2;0;0;0m▀[38;2;0;0;0m[48;2;0;0;0m▀[38;2;0;0;0m[48;2;0;0;0m▀[38;2;0;0;0m[48;2;0;0;0m▀[38;2;0;0;0m[48;2;0;0;0m▀[38;2;0;0;0m[48;2;0;0;0m▀[38;2;230;241;247m[48;2;225;238;247m▀[38;2;148;171;187m[48;2;146;172;189m▀[38;2;148;170;181m[48;2;142;165;171m▀[38;2;0;0;0m[48;2;0;0;0m▀[38;2;0;0;0m[48;2;0;0;0m▀[38;2;0;0;0m[48;2;0;0;0m▀[38;2;0;0;0m[48;2;0;0;0m▀[38;2;0;0;0m[48;2;0;0;0m▀[38;2;0;0;0m[48;2;0;0;0m▀[38;2;0;0;0m[48;2;0;0;0m▀[38;2;0;0;0m[48;2;0;0;0m▀[38;2;0;0;0m[48;2;0;0;0m▀[38;2;0;0;0m[48;2;0;0;0m▀[38;2;0;0;0m[48;2;0;0;0m▀[38;2;0;0;0m[48;2;0;0;0m▀[38;2;0;0;0m[48;2;0;0;0m▀[38;2;0;0;0m[48;2;0;0;0m▀[38;2;0;0;0m[48;2;0;0;0m▀[38;2;0;0;0m[48;2;0;0;0m▀[38;2;150;168;180m[48;2;147;167;174m▀[38;2;148;171;187m[48;2;145;172;189m▀[38;2;213;224;230m[48;2;209;222;231m▀[38;2;0;0;0m[48;2;0;0;0m▀[38;2;0;0;0m[48;2;0;0;0m▀[38;2;0;0;0m[48;2;0;0;0m▀[38;2;0;0;0m[48;2;0;0;0m▀[38;2;0;0;0m[48;2;0;0;0m▀[38;2;0;0;0m[48;2;0;0;0m▀[38;2;0;0;0m[48;2;0;0;0m▀[38;2;0;0;0m[48;2;0;0;0m▀[38;2;0;0;0m[48;2;0;0;0m▀[38;2;0;0;0m[48;2;0;0;0m▀[38;2;0;0;0m[48;2;0;0;0m▀[38;2;0;0;0m[48;2;0;0;0m▀[38;2;0;0;0m[48;2;0;0;0m▀[38;2;0;0;0m[48;2;0;0;0m▀[38;2;0;0;0m[48;2;0;0;0m▀[38;2;0;0;0m[48;2;0;0;0m▀[38;2;0;0;0m[48;2;0;0;0m▀[38;2;0;0;0m[48;2;0;0;0m▀[38;2;0;0;0m[48;2;0;0;0m▀[38;2;0;0;0m[48;2;0;0;0m▀[38;2;0;0;0m[48;2;0;0;0m▀[38;2;0;0;0m[48;2;0;0;0m▀[38;2;0;0;0m[48;2;0;0;0m▀[38;2;0;0;0m[48;2;0;0;0m▀[38;2;0;0;0m[48;2;0;0;0m▀[38;2;0;0;0m[48;2;0;0;0m▀[38;2;0;0;0m[48;2;0;0;0m▀[38;2;0;0;0m[48;2;0;0;0m▀[38;2;0;0;0m[48;2;0;0;0m▀[0m
[38;2;0;0;0m[48;2;0;0;0m▀[38;2;0;0;0m[48;2;0;0;0m▀[38;2;0;0;0m[48;2;0;0;0m▀[38;2;0;0;0m[48;2;0;0;0m▀[38;2;0;0;0m[48;2;0;0;0m▀[38;2;0;0;0m[48;2;0;0;0m▀[38;2;0;0;0m[48;2;0;0;0m▀[38;2;0;0;0m[48;2;0;0;0m▀[38;2;0;0;0m[48;2;0;0;0m▀[38;2;0;0;0m[48;2;0;0;0m▀[38;2;0;0;0m[48;2;0;0;0m▀[38;2;0;0;0m[48;2;0;0;0m▀[38;2;0;0;0m[48;2;0;0;0m▀[38;2;0;0;0m[48;2;0;0;0m▀[38;2;0;0;0m[48;2;0;0;0m▀[38;2;0;0;0m[48;2;0;0;0m▀[38;2;0;0;0m[48;2;0;0;0m▀[38;2;0;0;0m[48;2;0;0;0m▀[38;2;0;0;0m[48;2;0;0;0m▀[38;2;0;0;0m[48;2;0;0;0m▀[38;2;0;0;0m[48;2;0;0;0m▀[38;2;0;0;0m[48;2;0;0;0m▀[38;2;0;0;0m[48;2;0;0;0m▀[38;2;10;47;76m[48;2;7;48;80m▀[38;2;2;50;86m[48;2;9;48;81m▀[38;2;0;0;0m[48;2;0;0;0m▀[38;2;0;0;0m[48;2;0;0;0m▀[38;2;0;0;0m[48;2;0;0;0m▀[38;2;0;0;0m[48;2;0;0;0m▀[38;2;0;0;0m[48;2;0;0;0m▀[38;2;0;0;0m[48;2;0;0;0m▀[38;2;0;0;0m[48;2;0;0;0m▀[38;2;0;0;0m[48;2;0;0;0m▀[38;2;0;0;0m[48;2;0;0;0m▀[38;2;0;0;0m[48;2;0;0;0m▀[38;2;0;0;0m[48;2;0;0;0m▀[38;2;0;0;0m[48;2;0;0;0m▀[38;2;0;0;0m[48;2;0;0;0m▀[38;2;0;0;0m[48;2;0;0;0m▀[38;2;0;0;0m[48;2;0;0;0m▀[38;2;0;0;0m[48;2;0;0;0m▀[38;2;0;0;0m[48;2;0;0;0m▀[38;2;0;0;0m[48;2;0;0;0m▀[38;2;0;0;0m[48;2;0;0;0m▀[38;2;0;0;0m[48;2;0;0;0m▀[38;2;0;0;0m[48;2;0;0;0m▀[38;2;0;0;0m[48;2;0;0;0m▀[38;2;0;0;0m[48;2;0;0;0m▀[38;2;0;0;0m[48;2;0;0;0m▀[38;2;0;0;0m[48;2;0;0;0m▀[38;2;0;0;0m[48;2;0;0;0m▀[38;2;0;0;0m[48;2;0;0;0m▀[38;2;0;0;0m[48;2;0;0;0m▀[38;2;0;0;0m[48;2;0;0;0m▀[38;2;0;0;0m[48;2;0;0;0m▀[38;2;4;49;88m[48;2;9;48;81m▀[38;2;13;49;83m[48;2;10;51;83m▀[38;2;0;0;0m[48;2;0;0;0m▀[38;2;0;0;0m[48;2;0;0;0m▀[38;2;0;0;0m[48;2;0;0;0m▀[38;2;0;0;0m[48;2;0;0;0m▀[38;2;0;0;0m[48;2;0;0;0m▀[38;2;0;0;0m[48;2;0;0;0m▀[38;2;0;0;0m[48;2;0;0;0m▀[38;2;0;0;0m[48;2;0;0;0m▀[38;2;0;0;0m[48;2;0;0;0m▀[38;2;0;0;0m[48;2;0;0;0m▀[38;2;0;0;0m[48;2;0;0;0m▀[38;2;0;0;0m[48;2;0;0;0m▀[38;2;0;0;0m[48;2;0;0;0m▀[38;2;0;0;0m[48;2;0;0;0m▀[38;2;0;0;0m[48;2;0;0;0m▀[38;2;0;0;0m[48;2;0;0;0m▀[38;2;0;0;0m[48;2;0;0;0m▀[38;2;0;0;0m[48;2;0;0;0m▀[38;2;0;0;0m[48;2;0;0;0m▀[38;2;0;0;0m[48;2;0;0;0m▀[38;2;0;0;0m[48;2;0;0;0m▀[38;2;0;0;0m[48;2;0;0;0m▀[38;2;0;0;0m[48;2;0;0;0m▀[0m
[38;2;0;0;0m[48;2;0;0;0m▀[38;2;0;0;0m[48;2;0;0;0m▀[38;2;0;0;0m[48;2;0;0;0m▀[38;2;0;0;0m[48;2;0;0;0m▀[38;2;0;0;0m[48;2;0;0;0m▀[38;2;0;0;0m[48;2;0;0;0m▀[38;2;0;0;0m[48;2;0;0;0m▀[38;2;0;0;0m[48;2;0;0;0m▀[38;2;0;0;0m[48;2;0;0;0m▀[38;2;0;0;0m[48;2;0;0;0m▀[38;2;0;0;0m[48;2;0;0;0m▀[38;2;0;0;0m[48;2;0;0;0m▀[38;2;0;0;0m[48;2;0;0;0m▀[38;2;0;0;0m[48;2;0;0;0m▀[38;2;0;0;0m[48;2;0;0;0m▀[38;2;0;0;0m[48;2;0;0;0m▀[38;2;0;0;0m[48;2;0;0;0m▀[38;2;0;0;0m[48;2;0;0;0m▀[38;2;0;0;0m[48;2;0;0;0m▀[38;2;0;0;0m[48;2;0;0;0m▀[38;2;0;0;0m[48;2;0;0;0m▀[38;2;0;0;0m[48;2;0;0;0m▀[38;2;0;0;0m[48;2;0;0;0m▀[38;2;0;0;0m[48;2;0;0;0m▀[38;2;0;0;0m[48;2;0;0;0m▀[38;2;0;0;0m[48;2;0;0;0m▀[38;2;0;0;0m[48;2;0;0;0m▀[38;2;0;0;0m[48;2;0;0;0m▀[38;2;0;0;0m[48;2;0;0;0m▀[38;2;0;0;0m[48;2;0;0;0m▀[38;2;0;0;0m[48;2;0;0;0m▀[38;2;0;0;0m[48;2;0;0;0m▀[38;2;0;0;0m[48;2;0;0;0m▀[38;2;0;0;0m[48;2;0;0;0m▀[38;2;0;0;0m[48;2;0;0;0m▀[38;2;0;0;0m[48;2;0;0;0m▀[38;2;0;0;0m[48;2;0;0;0m▀[38;2;0;0;0m[48;2;0;0;0m▀[38;2;0;0;0m[48;2;0;0;0m▀[38;2;0;0;0m[48;2;0;0;0m▀[38;2;0;0;0m[48;2;0;0;0m▀[38;2;0;0;0m[48;2;0;0;0m▀[38;2;0;0;0m[48;2;0;0;0m▀[38;2;0;0;0m[48;2;0;0;0m▀[38;2;0;0;0m[48;2;0;0;0m▀[38;2;0;0;0m[48;2;0;0;0m▀[38;2;0;0;0m[48;2;0;0;0m▀[38;2;0;0;0m[48;2;0;0;0m▀[38;2;0;0;0m[48;2;0;0;0m▀[38;2;0;0;0m[48;2;0;0;0m▀[38;2;0;0;0m[48;2;0;0;0m▀[38;2;0;0;0m[48;2;0;0;0m▀[38;2;0;0;0m[48;2;0;0;0m▀[38;2;0;0;0m[48;2;0;0;0m▀[38;2;0;0;0m[48;2;0;0;0m▀[38;2;0;0;0m[48;2;0;0;0m▀[38;2;0;0;0m[48;2;0;0;0m▀[38;2;0;0;0m[48;2;0;0;0m▀[38;2;0;0;0m[48;2;0;0;0m▀[38;2;0;0;0m[48;2;0;0;0m▀[38;2;0;0;0m[48;2;0;0;0m▀[38;2;0;0;0m[48;2;0;0;0m▀[38;2;0;0;0m[48;2;0;0;0m▀[38;2;0;0;0m[48;2;0;0;0m▀[38;2;0;0;0m[48;2;0;0;0m▀[38;2;0;0;0m[48;2;0;0;0m▀[38;2;0;0;0m[48;2;0;0;0m▀[38;2;0;0;0m[48;2;0;0;0m▀[38;2;0;0;0m[48;2;0;0;0m▀[38;2;0;0;0m[48;2;0;0;0m▀[38;2;0;0;0m[48;2;0;0;0m▀[38;2;0;0;0m[48;2;0;0;0m▀[38;2;0;0;0m[48;2;0;0;0m▀[38;2;0;0;0m[48;2;0;0;0m▀[38;2;0;0;0m[48;2;0;0;0m▀[38;2;0;0;0m[48;2;0;0;0m▀[38;2;0;0;0m[48;2;0;0;0m▀[38;2;0;0;0m[48;2;0;0;0m▀[38;2;0;0;0m[48;2;0;0;0m▀[38;2;0;0;0m[48;2;0;0;0m▀[0m
[38;2;0;0;0m[48;2;0;0;0m▀[38;2;0;0;0m[48;2;0;0;0m▀[38;2;0;0;0m[48;2;0;0;0m▀[38;2;0;0;0m[48;2;0;0;0m▀[38;2;0;0;0m[48;2;0;0;0m▀[38;2;0;0;0m[48;2;0;0;0m▀[38;2;0;0;0m[48;2;0;0;0m▀[38;2;0;0;0m[48;2;0;0;0m▀[38;2;0;0;0m[48;2;0;0;0m▀[38;2;0;0;0m[48;2;0;0;0m▀[38;2;0;0;0m[48;2;0;0;0m▀[38;2;0;0;0m[48;2;0;0;0m▀[38;2;0;0;0m[48;2;0;0;0m▀[38;2;0;0;0m[48;2;0;0;0m▀[38;2;0;0;0m[48;2;0;0;0m▀[38;2;0;0;0m[48;2;0;0;0m▀[38;2;0;0;0m[48;2;0;0;0m▀[38;2;0;0;0m[48;2;0;0;0m▀[38;2;0;0;0m[48;2;0;0;0m▀[38;2;0;0;0m[48;2;0;0;0m▀[38;2;0;0;0m[48;2;0;0;0m▀[38;2;0;0;0m[48;2;0;0;0m▀[38;2;0;0;0m[48;2;0;0;0m▀[38;2;0;0;0m[48;2;0;0;0m▀[38;2;0;0;0m[48;2;0;0;0m▀[38;2;0;0;0m[48;2;0;0;0m▀[38;2;0;0;0m[48;2;0;0;0m▀[38;2;0;0;0m[48;2;0;0;0m▀[38;2;0;0;0m[48;2;0;0;0m▀[38;2;0;0;0m[48;2;0;0;0m▀[38;2;0;0;0m[48;2;0;0;0m▀[38;2;0;0;0m[48;2;0;0;0m▀[38;2;0;0;0m[48;2;0;0;0m▀[38;2;0;0;0m[48;2;0;0;0m▀[38;2;0;0;0m[48;2;0;0;0m▀[38;2;0;0;0m[48;2;0;0;0m▀[38;2;0;0;0m[48;2;0;0;0m▀[38;2;0;0;0m[48;2;0;0;0m▀[38;2;0;0;0m[48;2;0;0;0m▀[38;2;0;0;0m[48;2;0;0;0m▀[38;2;0;0;0m[48;2;0;0;0m▀[38;2;0;0;0m[48;2;0;0;0m▀[38;2;0;0;0m[48;2;0;0;0m▀[38;2;0;0;0m[48;2;0;0;0m▀[38;2;0;0;0m[48;2;0;0;0m▀[38;2;0;0;0m[48;2;0;0;0m▀[38;2;0;0;0m[48;2;0;0;0m▀[38;2;0;0;0m[48;2;0;0;0m▀[38;2;0;0;0m[48;2;0;0;0m▀[38;2;0;0;0m[48;2;0;0;0m▀[38;2;0;0;0m[48;2;0;0;0m▀[38;2;0;0;0m[48;2;0;0;0m▀[38;2;0;0;0m[48;2;0;0;0m▀[38;2;0;0;0m[48;2;0;0;0m▀[38;2;0;0;0m[48;2;0;0;0m▀[38;2;0;0;0m[48;2;0;0;0m▀[38;2;0;0;0m[48;2;0;0;0m▀[38;2;0;0;0m[48;2;0;0;0m▀[38;2;0;0;0m[48;2;0;0;0m▀[38;2;0;0;0m[48;2;0;0;0m▀[38;2;0;0;0m[48;2;0;0;0m▀[38;2;0;0;0m[48;2;0;0;0m▀[38;2;0;0;0m[48;2;0;0;0m▀[38;2;0;0;0m[48;2;0;0;0m▀[38;2;0;0;0m[48;2;0;0;0m▀[38;2;0;0;0m[48;2;0;0;0m▀[38;2;0;0;0m[48;2;0;0;0m▀[38;2;0;0;0m[48;2;0;0;0m▀[38;2;0;0;0m[48;2;0;0;0m▀[38;2;0;0;0m[48;2;0;0;0m▀[38;2;0;0;0m[48;2;0;0;0m▀[38;2;0;0;0m[48;2;0;0;0m▀[38;2;0;0;0m[48;2;0;0;0m▀[38;2;0;0;0m[48;2;0;0;0m▀[38;2;0;0;0m[48;2;0;0;0m▀[38;2;0;0;0m[48;2;0;0;0m▀[38;2;0;0;0m[48;2;0;0;0m▀[38;2;0;0;0m[48;2;0;0;0m▀[38;2;0;0;0m[48;2;0;0;0m▀[38;2;0;0;0m[48;2;0;0;0m▀[0m
[38;2;0;0;0m[48;2;0;0;0m▀[38;2;0;0;0m[48;2;0;0;0m▀[38;2;0;0;0m[48;2;0;0;0m▀[38;2;0;0;0m[48;2;0;0;0m▀[38;2;0;0;0m[48;2;0;0;0m▀[38;2;0;0;0m[48;2;0;0;0m▀[38;2;0;0;0m[48;2;0;0;0m▀[38;2;0;0;0m[48;2;0;0;0m▀[38;2;0;0;0m[48;2;0;0;0m▀[38;2;0;0;0m[48;2;0;0;0m▀[38;2;0;0;0m[48;2;0;0;0m▀[38;2;0;0;0m[48;2;0;0;0m▀[38;2;0;0;0m[48;2;0;0;0m▀[38;2;0;0;0m[48;2;0;0;0m▀[38;2;0;0;0m[48;2;0;0;0m▀[38;2;0;0;0m[48;2;0;0;0m▀[38;2;0;0;0m[48;2;0;0;0m▀[38;2;0;0;0m[48;2;0;0;0m▀[38;2;0;0;0m[48;2;0;0;0m▀[38;2;208;232;244m[48;2;211;231;242m▀[38;2;209;232;240m[48;2;206;233;244m▀[38;2;0;0;0m[48;2;0;0;0m▀[38;2;0;0;0m[48;2;0;0;0m▀[38;2;0;0;0m[48;2;0;0;0m▀[38;2;0;0;0m[48;2;0;0;0m▀[38;2;0;0;0m[48;2;0;0;0m▀[38;2;0;0;0m[48;2;0;0;0m▀[38;2;0;0;0m[48;2;0;0;0m▀[38;2;0;0;0m[48;2;0;0;0m▀[38;2;0;0;0m[48;2;0;0;0m▀[38;2;0;0;0m[48;2;0;0;0m▀[38;2;0;0;0m[48;2;0;0;0m▀[38;2;0;0;0m[48;2;0;0;0m▀[38;2;0;0;0m[48;2;0;0;0m▀[38;2;0;0;0m[48;2;0;0;0m▀[38;2;0;0;0m[48;2;0;0;0m▀[38;2;0;0;0m[48;2;0;0;0m▀[38;2;0;0;0m[48;2;0;0;0m▀[38;2;0;0;0m[48;2;0;0;0m▀[38;2;0;0;0m[48;2;0;0;0m▀[38;2;0;0;0m[48;2;0;0;0m▀[38;2;0;0;0m[48;2;0;0;0m▀[38;2;0;0;0m[48;2;0;0;0m▀[38;2;0;0;0m[48;2;0;0;0m▀[38;2;0;0;0m[48;2;0;0;0m▀[38;2;0;0;0m[48;2;0;0;0m▀[38;2;0;0;0m[48;2;0;0;0m▀[38;2;0;0;0m[48;2;0;0;0m▀[38;2;0;0;0m[48;2;0;0;0m▀[38;2;0;0;0m[48;2;0;0;0m▀[38;2;0;0;0m[48;2;0;0;0m▀[38;2;0;0;0m[48;2;0;0;0m▀[38;2;0;0;0m[48;2;0;0;0m▀[38;2;0;0;0m[48;2;0;0;0m▀[38;2;0;0;0m[48;2;0;0;0m▀[38;2;0;0;0m[48;2;0;0;0m▀[38;2;0;0;0m[48;2;0;0;0m▀[38;2;0;0;0m[48;2;0;0;0m▀[38;2;0;0;0m[48;2;0;0;0m▀[38;2;208;233;240m[48;2;206;233;244m▀[38;2;208;232;244m[48;2;212;230;242m▀[38;2;0;0;0m[48;2;0;0;0m▀[38;2;0;0;0m[48;2;0;0;0m▀[38;2;0;0;0m[48;2;0;0;0m▀[38;2;0;0;0m[48;2;0;0;0m▀[38;2;0;0;0m[48;2;0;0;0m▀[38;2;0;0;0m[48;2;0;0;0m▀[38;2;0;0;0m[48;2;0;0;0m▀[38;2;0;0;0m[48;2;0;0;0m▀[38;2;0;0;0m[48;2;0;0;0m▀[38;2;0;0;0m[48;2;0;0;0m▀[38;2;0;0;0m[48;2;0;0;0m▀[38;2;0;0;0m[48;2;0;0;0m▀[38;2;0;0;0m[48;2;0;0;0m▀[38;2;0;0;0m[48;2;0;0;0m▀[38;2;0;0;0m[48;2;0;0;0m▀[38;2;0;0;0m[48;2;0;0;0m▀[38;2;0;0;0m[48;2;0;0;0m▀[38;2;0;0;0m[48;2;0;0;0m▀[38;2;0;0;0m[48;2;0;0;0m▀[0m
[38;2;0;0;0m[48;2;0;0;0m▀[38;2;0;0;0m[48;2;0;0;0m▀[38;2;0;0;0m[48;2;0;0;0m▀[38;2;0;0;0m[48;2;0;0;0m▀[38;2;0;0;0m[48;2;0;0;0m▀[38;2;0;0;0m[48;2;0;0;0m▀[38;2;0;0;0m[48;2;0;0;0m▀[38;2;0;0;0m[48;2;0;0;0m▀[38;2;0;0;0m[48;2;0;0;0m▀[38;2;0;0;0m[48;2;0;0;0m▀[38;2;0;0;0m[48;2;0;0;0m▀[38;2;0;0;0m[48;2;0;0;0m▀[38;2;0;0;0m[48;2;0;0;0m▀[38;2;0;0;0m[48;2;0;0;0m▀[38;2;0;0;0m[48;2;0;0;0m▀[38;2;0;0;0m[48;2;0;0;0m▀[38;2;0;0;0m[48;2;0;0;0m▀[38;2;0;0;0m[48;2;0;0;0m▀[38;2;0;0;0m[48;2;0;0;0m▀[38;2;0;0;0m[48;2;0;0;0m▀[38;2;0;0;0m[48;2;0;0;0m▀[38;2;0;0;0m[48;2;0;0;0m▀[38;2;0;0;0m[48;2;0;0;0m▀[38;2;0;0;0m[48;2;0;0;0m▀[38;2;0;0;0m[48;2;0;0;0m▀[38;2;0;0;0m[48;2;0;0;0m▀[38;2;0;0;0m[48;2;0;0;0m▀[38;2;0;0;0m[48;2;0;0;0m▀[38;2;0;0;0m[48;2;0;0;0m▀[38;2;209;219;228m[48;2;199;214;221m▀[38;2;12;46;73m[48;2;6;50;79m▀[38;2;12;46;73m[48;2;6;50;79m▀[38;2;12;46;73m[48;2;6;50;79m▀[38;2;12;46;73m[48;2;6;50;79m▀[38;2;12;46;73m[48;2;6;50;79m▀[38;2;12;46;73m[48;2;6;50;79m▀[38;2;12;46;73m[48;2;6;50;79m▀[38;2;12;46;73m[48;2;6;50;79m▀[38;2;12;46;73m[48;2;6;50;79m▀[38;2;12;46;73m[48;2;6;50;79m▀[38;2;12;46;73m[48;2;6;50;79m▀[38;2;12;46;73m[48;2;6;50;79m▀[38;2;12;46;73m[48;2;6;50;79m▀[38;2;12;46;73m[48;2;6;50;79m▀[38;2;12;46;73m[48;2;6;50;79m▀[38;2;12;46;73m[48;2;6;50;79m▀[38;2;12;46;73m[48;2;6;50;79m▀[38;2;12;46;73m[48;2;6;50;79m▀[38;2;12;46;73m[48;2;6;50;79m▀[38;2;12;46;73m[48;2;6;50;79m▀[38;2;157;173;186m[48;2;167;181;194m▀[38;2;0;0;0m[48;2;0;0;0m▀[38;2;0;0;0m[48;2;0;0;0m▀[38;2;0;0;0m[48;2;0;0;0m▀[38;2;0;0;0m[48;2;0;0;0m▀[38;2;0;0;0m[48;2;0;0;0m▀[38;2;0;0;0m[48;2;0;0;0m▀[38;2;0;0;0m[48;2;0;0;0m▀[38;2;0;0;0m[48;2;0;0;0m▀[38;2;0;0;0m[48;2;0;0;0m▀[38;2;0;0;0m[48;2;0;0;0m▀[38;2;0;0;0m[48;2;0;0;0m▀[38;2;0;0;0m[48;2;0;0;0m▀[38;2;0;0;0m[48;2;0;0;0m▀[38;2;0;0;0m[48;2;0;0;0m▀[38;2;0;0;0m[48;2;0;0;0m▀[38;2;0;0;0m[48;2;0;0;0m▀[38;2;0;0;0m[48;2;0;0;0m▀[38;2;0;0;0m[48;2;0;0;0m▀[38;2;0;0;0m[48;2;0;0;0m▀[38;2;0;0;0m[48;2;0;0;0m▀[38;2;0;0;0m[48;2;0;0;0m▀[38;2;0;0;0m[48;2;0;0;0m▀[38;2;0;0;0m[48;2;0;0;0m▀[38;2;0;0;0m[48;2;0;0;0m▀[38;2;0;0;0m[48;2;0;0;0m▀[38;2;0;0;0m[48;2;0;0;0m▀[38;2;0;0;0m[48;2;0;0;0m▀[38;2;0;0;0m[48;2;0;0;0m▀[38;2;0;0;0m[48;2;0;0;0m▀[0m
[38;2;0;0;0m[48;2;0;0;0m▀[38;2;0;0;0m[48;2;0;0;0m▀[38;2;0;0;0m[48;2;0;0;0m▀[38;2;0;0;0m[48;2;0;0;0m▀[38;2;0;0;0m[48;2;0;0;0m▀[38;2;0;0;0m[48;2;0;0;0m▀[38;2;0;0;0m[48;2;0;0;0m▀[38;2;0;0;0m[48;2;0;0;0m▀[38;2;0;0;0m[48;2;0;0;0m▀[38;2;0;0;0m[48;2;0;0;0m▀[38;2;0;0;0m[48;2;0;0;0m▀[38;2;0;0;0m[48;2;0;0;0m▀[38;2;0;0;0m[48;2;0;0;0m▀[38;2;0;0;0m[48;2;0;0;0m▀[38;2;0;0;0m[48;2;0;0;0m▀[38;2;0;0;0m[48;2;0;0;0m▀[38;2;0;0;0m[48;2;0;0;0m▀[38;2;0;0;0m[48;2;0;0;0m▀[38;2;0;0;0m[48;2;0;0;0m▀[38;2;0;0;0m[48;2;0;0;0m▀[38;2;0;0;0m[48;2;0;0;0m▀[38;2;0;0;0m[48;2;0;0;0m▀[38;2;0;0;0m[48;2;0;0;0m▀[38;2;0;0;0m[48;2;0;0;0m▀[38;2;0;0;0m[48;2;0;0;0m▀[38;2;0;0;0m[48;2;0;0;0m▀[38;2;0;0;0m[48;2;0;0;0m▀[38;2;112;126;139m[48;2;11;45;73m▀[38;2;108;127;144m[48;2;9;48;81m▀[38;2;100;127;148m[48;2;39;73;100m▀[38;2;83;115;136m[48;2;148;171;187m▀[38;2;81;116;136m[48;2;148;171;187m▀[38;2;83;115;136m[48;2;148;171;187m▀[38;2;83;115;136m[48;2;148;171;187m▀[38;2;81;116;136m[48;2;148;171;187m▀[38;2;83;115;136m[48;2;148;171;187m▀[38;2;81;116;136m[48;2;148;171;187m▀[38;2;83;115;136m[48;2;148;171;187m▀[38;2;83;115;136m[48;2;148;171;187m▀[38;2;81;116;136m[48;2;148;171;187m▀[38;2;83;115;136m[48;2;148;171;187m▀[38;2;81;116;136m[48;2;148;171;187m▀[38;2;83;115;136m[48;2;148;171;187m▀[38;2;83;115;136m[48;2;148;171;187m▀[38;2;81;116;136m[48;2;148;171;187m▀[38;2;83;115;136m[48;2;148;171;187m▀[38;2;81;116;136m[48;2;148;171;187m▀[38;2;83;115;136m[48;2;148;171;187m▀[38;2;83;115;136m[48;2;148;171;187m▀[38;2;81;116;136m[48;2;148;171;187m▀[38;2;102;130;151m[48;2;53;87;114m▀[38;2;106;127;144m[48;2;9;48;81m▀[38;2;110;126;141m[48;2;12;47;75m▀[38;2;0;0;0m[48;2;0;0;0m▀[38;2;0;0;0m[48;2;0;0;0m▀[38;2;0;0;0m[48;2;0;0;0m▀[38;2;0;0;0m[48;2;0;0;0m▀[38;2;0;0;0m[48;2;0;0;0m▀[38;2;0;0;0m[48;2;0;0;0m▀[38;2;0;0;0m[48;2;0;0;0m▀[38;2;0;0;0m[48;2;0;0;0m▀[38;2;0;0;0m[48;2;0;0;0m▀[38;2;0;0;0m[48;2;0;0;0m▀[38;2;0;0;0m[48;2;0;0;0m▀[38;2;0;0;0m[48;2;0;0;0m▀[38;2;0;0;0m[48;2;0;0;0m▀[38;2;0;0;0m[48;2;0;0;0m▀[38;2;0;0;0m[48;2;0;0;0m▀[38;2;0;0;0m[48;2;0;0;0m▀[38;2;0;0;0m[48;2;0;0;0m▀[38;2;0;0;0m[48;2;0;0;0m▀[38;2;0;0;0m[48;2;0;0;0m▀[38;2;0;0;0m[48;2;0;0;0m▀[38;2;0;0;0m[48;2;0;0;0m▀[38;2;0;0;0m[48;2;0;0;0m▀[38;2;0;0;0m[48;2;0;0;0m▀[38;2;0;0;0m[48;2;0;0;0m▀[38;2;0;0;0m[48;2;0;0;0m▀[38;2;0;0;0m[48;2;0;0;0m▀[38;2;0;0;0m[48;2;0;0;0m▀[0m
[38;2;0;0;0m[48;2;0;0;0m▀[38;2;0;0;0m[48;2;0;0;0m▀[38;2;0;0;0m[48;2;0;0;0m▀[38;2;0;0;0m[48;2;0;0;0m▀[38;2;0;0;0m[48;2;0;0;0m▀[38;2;0;0;0m[48;2;0;0;0m▀[38;2;0;0;0m[48;2;0;0;0m▀[38;2;0;0;0m[48;2;0;0;0m▀[38;2;0;0;0m[48;2;0;0;0m▀[38;2;0;0;0m[48;2;0;0;0m▀[38;2;0;0;0m[48;2;0;0;0m▀[38;2;0;0;0m[48;2;0;0;0m▀[38;2;0;0;0m[48;2;0;0;0m▀[38;2;0;0;0m[48;2;0;0;0m▀[38;2;0;0;0m[48;2;0;0;0m▀[38;2;0;0;0m[48;2;148;171;187m▀[38;2;0;0;0m[48;2;145;174;192m▀[38;2;0;0;0m[48;2;0;0;0m▀[38;2;0;0;0m[48;2;0;0;0m▀[38;2;0;0;0m[48;2;0;0;0m▀[38;2;0;0;0m[48;2;0;0;0m▀[38;2;0;0;0m[48;2;0;0;0m▀[38;2;0;0;0m[48;2;0;0;0m▀[38;2;0;0;0m[48;2;0;0;0m▀[38;2;0;0;0m[48;2;0;0;0m▀[38;2;0;0;0m[48;2;0;0;0m▀[38;2;0;0;0m[48;2;0;0;0m▀[38;2;11;45;73m[48;2;11;45;73m▀[38;2;9;48;81m[48;2;9;48;81m▀[38;2;39;73;100m[48;2;39;73;100m▀[38;2;148;171;187m[48;2;148;171;187m▀[38;2;148;171;187m[48;2;148;171;187m▀[38;2;148;171;187m[48;2;148;171;187m▀[38;2;148;171;187m[48;2;148;171;187m▀[38;2;148;171;187m[48;2;148;171;187m▀[38;2;148;171;187m[48;2;148;171;187m▀[38;2;148;171;187m[48;2;148;171;187m▀[38;2;148;171;187m[48;2;148;171;187m▀[38;2;148;171;187m[48;2;148;171;187m▀[38;2;148;171;187m[48;2;148;171;187m▀[38;2;148;171;187m[48;2;148;171;187m▀[38;2;148;171;187m[48;2;148;171;187m▀[38;2;148;171;187m[48;2;148;171;187m▀[38;2;148;171;187m[48;2;148;171;187m▀[38;2;148;171;187m[48;2;148;171;187m▀[38;2;148;171;187m[48;2;148;171;187m▀[38;2;148;171;187m[48;2;148;171;187m▀[38;2;148;171;187m[48;2;148;171;187m▀[38;2;148;171;187m[48;2;148;171;187m▀[38;2;148;171;187m[48;2;148;171;187m▀[38;2;53;87;114m[48;2;53;87;114m▀[38;2;9;48;81m[48;2;9;48;81m▀[38;2;12;47;75m[48;2;12;47;75m▀[38;2;0;0;0m[48;2;0;0;0m▀[38;2;0;0;0m[48;2;0;0;0m▀[38;2;0;0;0m[48;2;0;0;0m▀[38;2;0;0;0m[48;2;0;0;0m▀[38;2;0;0;0m[48;2;0;0;0m▀[38;2;0;0;0m[48;2;0;0;0m▀[38;2;0;0;0m[48;2;0;0;0m▀[38;2;0;0;0m[48;2;0;0;0m▀[38;2;0;0;0m[48;2;0;0;0m▀[38;2;0;0;0m[48;2;0;0;0m▀[38;2;0;0;0m[48;2;145;174;192m▀[38;2;0;0;0m[48;2;148;171;187m▀[38;2;0;0;0m[48;2;0;0;0m▀[38;2;0;0;0m[48;2;0;0;0m▀[38;2;0;0;0m[48;2;0;0;0m▀[38;2;0;0;0m[48;2;0;0;0m▀[38;2;0;0;0m[48;2;0;0;0m▀[38;2;0;0;0m[48;2;0;0;0m▀[38;2;0;0;0m[48;2;0;0;0m▀[38;2;0;0;0m[48;2;0;0;0m▀[38;2;0;0;0m[48;2;0;0;0m▀[38;2;0;0;0m[48;2;0;0;0m▀[38;2;0;0;0m[48;2;0;0;0m▀[38;2;0;0;0m[48;2;0;0;0m▀[38;2;0;0;0m[48;2;0;0;0m▀[38;2;0;0;0m[48;2;0;0;0m▀[38;2;0;0;0m[48;2;0;0;0m▀[0m
[38;2;0;0;0m[48;2;0;0;0m▀[38;2;0;0;0m[48;2;0;0;0m▀[38;2;0;0;0m[48;2;0;0;0m▀[38;2;0;0;0m[48;2;0;0;0m▀[38;2;0;0;0m[48;2;0;0;0m▀[38;2;0;0;0m[48;2;0;0;0m▀[38;2;0;0;0m[48;2;0;0;0m▀[38;2;0;0;0m[48;2;0;0;0m▀[38;2;0;0;0m[48;2;0;0;0m▀[38;2;0;0;0m[48;2;0;0;0m▀[38;2;0;0;0m[48;2;0;0;0m▀[38;2;0;0;0m[48;2;0;0;0m▀[38;2;0;0;0m[48;2;0;0;0m▀[38;2;0;0;0m[48;2;0;0;0m▀[38;2;0;0;0m[48;2;0;0;0m▀[38;2;150;173;187m[48;2;0;0;0m▀[38;2;151;173;187m[48;2;0;0;0m▀[38;2;0;0;0m[48;2;0;0;0m▀[38;2;0;0;0m[48;2;0;0;0m▀[38;2;0;0;0m[48;2;0;0;0m▀[38;2;0;0;0m[48;2;0;0;0m▀[38;2;0;0;0m[48;2;0;0;0m▀[38;2;0;0;0m[48;2;0;0;0m▀[38;2;0;0;0m[48;2;0;0;0m▀[38;2;0;0;0m[48;2;0;0;0m▀[38;2;0;0;0m[48;2;0;0;0m▀[38;2;0;0;0m[48;2;0;0;0m▀[38;2;11;45;73m[48;2;11;45;73m▀[38;2;9;48;81m[48;2;9;48;81m▀[38;2;39;73;100m[48;2;39;73;100m▀[38;2;148;171;187m[48;2;148;171;187m▀[38;2;148;171;187m[48;2;148;171;187m▀[38;2;146;172;187m[48;2;146;172;187m▀[38;2;149;175;190m[48;2;147;175;189m▀[38;2;142;175;190m[48;2;8;49;77m▀[38;2;143;175;190m[48;2;8;49;79m▀[38;2;142;175;190m[48;2;8;49;77m▀[38;2;143;175;190m[48;2;8;49;79m▀[38;2;143;175;190m[48;2;8;49;79m▀[38;2;142;175;190m[48;2;8;49;77m▀[38;2;143;175;190m[48;2;8;49;79m▀[38;2;142;175;190m[48;2;8;49;77m▀[38;2;143;175;190m[48;2;8;49;79m▀[38;2;143;175;190m[48;2;8;49;79m▀[38;2;142;175;190m[48;2;8;49;77m▀[38;2;143;175;190m[48;2;9;48;79m▀[38;2;150;178;192m[48;2;147;175;189m▀[38;2;148;171;187m[48;2;148;171;187m▀[38;2;148;171;187m[48;2;148;171;187m▀[38;2;148;171;187m[48;2;148;171;187m▀[38;2;53;87;114m[48;2;53;87;114m▀[38;2;9;48;81m[48;2;9;48;81m▀[38;2;12;47;75m[48;2;12;47;75m▀[38;2;0;0;0m[48;2;0;0;0m▀[38;2;0;0;0m[48;2;0;0;0m▀[38;2;0;0;0m[48;2;0;0;0m▀[38;2;0;0;0m[48;2;0;0;0m▀[38;2;0;0;0m[48;2;0;0;0m▀[38;2;0;0;0m[48;2;0;0;0m▀[38;2;0;0;0m[48;2;0;0;0m▀[38;2;0;0;0m[48;2;0;0;0m▀[38;2;0;0;0m[48;2;0;0;0m▀[38;2;0;0;0m[48;2;0;0;0m▀[38;2;151;173;187m[48;2;0;0;0m▀[38;2;150;174;186m[48;2;0;0;0m▀[38;2;0;0;0m[48;2;0;0;0m▀[38;2;0;0;0m[48;2;0;0;0m▀[38;2;0;0;0m[48;2;0;0;0m▀[38;2;0;0;0m[48;2;0;0;0m▀[38;2;0;0;0m[48;2;0;0;0m▀[38;2;0;0;0m[48;2;0;0;0m▀[38;2;0;0;0m[48;2;0;0;0m▀[38;2;0;0;0m[48;2;0;0;0m▀[38;2;0;0;0m[48;2;0;0;0m▀[38;2;0;0;0m[48;2;0;0;0m▀[38;2;0;0;0m[48;2;0;0;0m▀[38;2;0;0;0m[48;2;0;0;0m▀[38;2;0;0;0m[48;2;0;0;0m▀[38;2;0;0;0m[48;2;0;0;0m▀[38;2;0;0;0m[48;2;0;0;0m▀[0m
[38;2;0;0;0m[48;2;0;0;0m▀[38;2;0;0;0m[48;2;0;0;0m▀[38;2;0;0;0m[48;2;0;0;0m▀[38;2;0;0;0m[48;2;0;0;0m▀[38;2;0;0;0m[48;2;0;0;0m▀[38;2;0;0;0m[48;2;0;0;0m▀[38;2;0;0;0m[48;2;0;0;0m▀[38;2;0;0;0m[48;2;0;0;0m▀[38;2;0;0;0m[48;2;0;0;0m▀[38;2;0;0;0m[48;2;0;0;0m▀[38;2;0;0;0m[48;2;0;0;0m▀[38;2;0;0;0m[48;2;0;0;0m▀[38;2;0;0;0m[48;2;0;0;0m▀[38;2;0;0;0m[48;2;0;0;0m▀[38;2;0;0;0m[48;2;0;0;0m▀[38;2;0;0;0m[48;2;0;0;0m▀[38;2;0;0;0m[48;2;0;0;0m▀[38;2;0;0;0m[48;2;0;0;0m▀[38;2;0;0;0m[48;2;0;0;0m▀[38;2;0;0;0m[48;2;0;0;0m▀[38;2;0;0;0m[48;2;0;0;0m▀[38;2;0;0;0m[48;2;0;0;0m▀[38;2;0;0;0m[48;2;0;0;0m▀[38;2;0;0;0m[48;2;0;0;0m▀[38;2;0;0;0m[48;2;0;0;0m▀[38;2;0;0;0m[48;2;0;0;0m▀[38;2;0;0;0m[48;2;0;0;0m▀[38;2;11;45;73m[48;2;11;45;73m▀[38;2;9;48;81m[48;2;9;48;81m▀[38;2;39;73;100m[48;2;39;73;100m▀[38;2;148;171;187m[48;2;148;171;187m▀[38;2;148;171;187m[48;2;148;171;187m▀[38;2;146;172;187m[48;2;146;172;187m▀[38;2;147;175;189m[48;2;147;175;189m▀[38;2;9;48;81m[48;2;9;48;81m▀[38;2;9;48;81m[48;2;9;48;81m▀[38;2;9;48;81m[48;2;9;48;81m▀[38;2;9;48;81m[48;2;9;48;81m▀[38;2;9;48;81m[48;2;9;48;81m▀[38;2;9;48;81m[48;2;9;48;81m▀[38;2;9;48;81m[48;2;9;48;81m▀[38;2;9;48;81m[48;2;9;48;81m▀[38;2;9;48;81m[48;2;9;48;81m▀[38;2;9;48;81m[48;2;9;48;81m▀[38;2;9;48;81m[48;2;9;48;81m▀[38;2;9;48;81m[48;2;9;48;81m▀[38;2;147;175;189m[48;2;147;175;189m▀[38;2;148;171;187m[48;2;148;171;187m▀[38;2;148;171;187m[48;2;148;171;187m▀[38;2;148;171;187m[48;2;148;171;187m▀[38;2;53;87;114m[48;2;53;87;114m▀[38;2;9;48;81m[48;2;9;48;81m▀[38;2;12;47;75m[48;2;12;47;75m▀[38;2;0;0;0m[48;2;0;0;0m▀[38;2;0;0;0m[48;2;0;0;0m▀[38;2;0;0;0m[48;2;0;0;0m▀[38;2;0;0;0m[48;2;0;0;0m▀[38;2;0;0;0m[48;2;0;0;0m▀[38;2;0;0;0m[48;2;0;0;0m▀[38;2;0;0;0m[48;2;0;0;0m▀[38;2;0;0;0m[48;2;0;0;0m▀[38;2;0;0;0m[48;2;0;0;0m▀[38;2;0;0;0m[48;2;0;0;0m▀[38;2;0;0;0m[48;2;0;0;0m▀[38;2;0;0;0m[48;2;0;0;0m▀[38;2;0;0;0m[48;2;0;0;0m▀[38;2;0;0;0m[48;2;0;0;0m▀[38;2;0;0;0m[48;2;0;0;0m▀[38;2;0;0;0m[48;2;0;0;0m▀[38;2;0;0;0m[48;2;0;0;0m▀[38;2;0;0;0m[48;2;0;0;0m▀[38;2;0;0;0m[48;2;0;0;0m▀[38;2;0;0;0m[48;2;0;0;0m▀[38;2;0;0;0m[48;2;0;0;0m▀[38;2;0;0;0m[48;2;0;0;0m▀[38;2;0;0;0m[48;2;0;0;0m▀[38;2;0;0;0m[48;2;0;0;0m▀[38;2;0;0;0m[48;2;0;0;0m▀[38;2;0;0;0m[48;2;0;0;0m▀[38;2;0;0;0m[48;2;0;0;0m▀[0m
[38;2;0;0;0m[48;2;0;0;0m▀[38;2;0;0;0m[48;2;0;0;0m▀[38;2;0;0;0m[48;2;0;0;0m▀[38;2;0;0;0m[48;2;0;0;0m▀[38;2;0;0;0m[48;2;0;0;0m▀[38;2;0;0;0m[48;2;0;0;0m▀[38;2;0;0;0m[48;2;0;0;0m▀[38;2;0;0;0m[48;2;0;0;0m▀[38;2;0;0;0m[48;2;0;0;0m▀[38;2;0;0;0m[48;2;0;0;0m▀[38;2;0;0;0m[48;2;0;0;0m▀[38;2;0;0;0m[48;2;9;48;81m▀[38;2;0;0;0m[48;2;9;50;82m▀[38;2;0;0;0m[48;2;0;0;0m▀[38;2;0;0;0m[48;2;0;0;0m▀[38;2;0;0;0m[48;2;0;0;0m▀[38;2;0;0;0m[48;2;0;0;0m▀[38;2;0;0;0m[48;2;0;0;0m▀[38;2;0;0;0m[48;2;0;0;0m▀[38;2;0;0;0m[48;2;0;0;0m▀[38;2;0;0;0m[48;2;0;0;0m▀[38;2;0;0;0m[48;2;0;0;0m▀[38;2;0;0;0m[48;2;0;0;0m▀[38;2;0;0;0m[48;2;0;0;0m▀[38;2;0;0;0m[48;2;0;0;0m▀[38;2;0;0;0m[48;2;0;0;0m▀[38;2;0;0;0m[48;2;0;0;0m▀[38;2;11;45;73m[48;2;11;45;73m▀[38;2;9;48;81m[48;2;9;48;81m▀[38;2;39;73;100m[48;2;39;73;100m▀[38;2;148;171;187m[48;2;148;171;187m▀[38;2;148;171;187m[48;2;148;171;187m▀[38;2;146;172;187m[48;2;148;171;187m▀[38;2;145;173;187m[48;2;148;171;187m▀[38;2;6;47;79m[48;2;148;171;187m▀[38;2;6;46;81m[48;2;148;171;189m▀[38;2;6;47;79m[48;2;148;171;187m▀[38;2;6;46;81m[48;2;148;171;189m▀[38;2;6;46;81m[48;2;148;171;189m▀[38;2;6;47;79m[48;2;148;171;187m▀[38;2;6;46;81m[48;2;148;171;189m▀[38;2;6;47;79m[48;2;148;171;187m▀[38;2;6;46;81m[48;2;148;171;189m▀[38;2;6;46;81m[48;2;148;171;189m▀[38;2;6;47;79m[48;2;148;171;187m▀[38;2;6;46;81m[48;2;148;171;189m▀[38;2;148;176;190m[48;2;146;172;187m▀[38;2;148;171;187m[48;2;148;171;187m▀[38;2;148;171;187m[48;2;148;171;187m▀[38;2;148;171;187m[48;2;148;171;187m▀[38;2;53;87;114m[48;2;53;87;114m▀[38;2;9;48;81m[48;2;9;48;81m▀[38;2;12;47;75m[48;2;12;47;75m▀[38;2;0;0;0m[48;2;0;0;0m▀[38;2;0;0;0m[48;2;0;0;0m▀[38;2;0;0;0m[48;2;0;0;0m▀[38;2;0;0;0m[48;2;0;0;0m▀[38;2;0;0;0m[48;2;0;0;0m▀[38;2;0;0;0m[48;2;0;0;0m▀[38;2;0;0;0m[48;2;0;0;0m▀[38;2;0;0;0m[48;2;0;0;0m▀[38;2;0;0;0m[48;2;0;0;0m▀[38;2;0;0;0m[48;2;0;0;0m▀[38;2;0;0;0m[48;2;0;0;0m▀[38;2;0;0;0m[48;2;0;0;0m▀[38;2;0;0;0m[48;2;0;0;0m▀[38;2;0;0;0m[48;2;0;0;0m▀[38;2;0;0;0m[48;2;7;48;80m▀[38;2;0;0;0m[48;2;6;49;81m▀[38;2;0;0;0m[48;2;0;0;0m▀[38;2;0;0;0m[48;2;0;0;0m▀[38;2;0;0;0m[48;2;0;0;0m▀[38;2;0;0;0m[48;2;0;0;0m▀[38;2;0;0;0m[48;2;0;0;0m▀[38;2;0;0;0m[48;2;0;0;0m▀[38;2;0;0;0m[48;2;0;0;0m▀[38;2;0;0;0m[48;2;0;0;0m▀[38;2;0;0;0m[48;2;0;0;0m▀[38;2;0;0;0m[48;2;0;0;0m▀[38;2;0;0;0m[48;2;0;0;0m▀[0m
[38;2;0;0;0m[48;2;0;0;0m▀[38;2;0;0;0m[48;2;0;0;0m▀[38;2;0;0;0m[48;2;0;0;0m▀[38;2;0;0;0m[48;2;0;0;0m▀[38;2;0;0;0m[48;2;0;0;0m▀[38;2;0;0;0m[48;2;0;0;0m▀[38;2;0;0;0m[48;2;0;0;0m▀[38;2;0;0;0m[48;2;0;0;0m▀[38;2;0;0;0m[48;2;0;0;0m▀[38;2;0;0;0m[48;2;0;0;0m▀[38;2;0;0;0m[48;2;0;0;0m▀[38;2;9;48;81m[48;2;0;0;0m▀[38;2;10;49;80m[48;2;0;0;0m▀[38;2;0;0;0m[48;2;0;0;0m▀[38;2;0;0;0m[48;2;0;0;0m▀[38;2;0;0;0m[48;2;0;0;0m▀[38;2;0;0;0m[48;2;0;0;0m▀[38;2;0;0;0m[48;2;6;49;83m▀[38;2;0;0;0m[48;2;8;49;81m▀[38;2;0;0;0m[48;2;6;49;81m▀[38;2;0;0;0m[48;2;8;49;81m▀[38;2;0;0;0m[48;2;6;49;81m▀[38;2;0;0;0m[48;2;8;49;81m▀[38;2;0;0;0m[48;2;0;0;0m▀[38;2;0;0;0m[48;2;0;0;0m▀[38;2;0;0;0m[48;2;0;0;0m▀[38;2;0;0;0m[48;2;0;0;0m▀[38;2;11;45;73m[48;2;11;45;73m▀[38;2;9;48;81m[48;2;9;48;81m▀[38;2;39;73;100m[48;2;39;73;100m▀[38;2;148;171;187m[48;2;148;171;187m▀[38;2;148;171;187m[48;2;148;171;187m▀[38;2;148;171;187m[48;2;148;171;187m▀[38;2;148;171;187m[48;2;148;171;187m▀[38;2;148;171;187m[48;2;148;171;187m▀[38;2;148;171;187m[48;2;148;171;187m▀[38;2;148;171;187m[48;2;148;171;187m▀[38;2;148;171;187m[48;2;148;171;187m▀[38;2;148;171;187m[48;2;148;171;187m▀[38;2;148;171;187m[48;2;148;171;187m▀[38;2;148;171;187m[48;2;148;171;187m▀[38;2;148;171;187m[48;2;148;171;187m▀[38;2;148;171;187m[48;2;148;171;187m▀[38;2;148;171;187m[48;2;148;171;187m▀[38;2;148;171;187m[48;2;148;171;187m▀[38;2;148;171;187m[48;2;148;171;187m▀[38;2;148;171;187m[48;2;148;171;187m▀[38;2;148;171;187m[48;2;148;171;187m▀[38;2;148;171;187m[48;2;148;171;187m▀[38;2;148;171;187m[48;2;148;171;187m▀[38;2;53;87;114m[48;2;53;87;114m▀[38;2;9;48;81m[48;2;9;48;81m▀[38;2;12;47;75m[48;2;12;47;75m▀[38;2;0;0;0m[48;2;0;0;0m▀[38;2;0;0;0m[48;2;0;0;0m▀[38;2;0;0;0m[48;2;0;0;0m▀[38;2;0;0;0m[48;2;0;0;0m▀[38;2;0;0;0m[48;2;8;49;81m▀[38;2;0;0;0m[48;2;8;49;81m▀[38;2;0;0;0m[48;2;6;49;81m▀[38;2;0;0;0m[48;2;8;49;81m▀[38;2;0;0;0m[48;2;6;49;81m▀[38;2;0;0;0m[48;2;6;49;83m▀[38;2;0;0;0m[48;2;0;0;0m▀[38;2;0;0;0m[48;2;0;0;0m▀[38;2;0;0;0m[48;2;0;0;0m▀[38;2;0;0;0m[48;2;0;0;0m▀[38;2;7;48;78m[48;2;0;0;0m▀[38;2;6;49;81m[48;2;0;0;0m▀[38;2;0;0;0m[48;2;0;0;0m▀[38;2;0;0;0m[48;2;0;0;0m▀[38;2;0;0;0m[48;2;0;0;0m▀[38;2;0;0;0m[48;2;0;0;0m▀[38;2;0;0;0m[48;2;0;0;0m▀[38;2;0;0;0m[48;2;0;0;0m▀[38;2;0;0;0m[48;2;0;0;0m▀[38;2;0;0;0m[48;2;0;0;0m▀[38;2;0;0;0m[48;2;0;0;0m▀[38;2;0;0;0m[48;2;0;0;0m▀[38;2;0;0;0m[48;2;0;0;0m▀[0m
[38;2;0;0;0m[48;2;0;0;0m▀[38;2;0;0;0m[48;2;0;0;0m▀[38;2;0;0;0m[48;2;0;0;0m▀[38;2;0;0;0m[48;2;0;0;0m▀[38;2;0;0;0m[48;2;0;0;0m▀[38;2;0;0;0m[48;2;0;0;0m▀[38;2;0;0;0m[48;2;0;0;0m▀[38;2;0;0;0m[48;2;0;0;0m▀[38;2;0;0;0m[48;2;0;0;0m▀[38;2;0;0;0m[48;2;0;0;0m▀[38;2;0;0;0m[48;2;0;0;0m▀[38;2;0;0;0m[48;2;0;0;0m▀[38;2;0;0;0m[48;2;0;0;0m▀[38;2;0;0;0m[48;2;0;0;0m▀[38;2;0;0;0m[48;2;0;0;0m▀[38;2;0;0;0m[48;2;0;0;0m▀[38;2;0;0;0m[48;2;0;0;0m▀[38;2;6;49;83m[48;2;0;0;0m▀[38;2;8;49;81m[48;2;0;0;0m▀[38;2;8;49;81m[48;2;0;0;0m▀[38;2;9;48;81m[48;2;0;0;0m▀[38;2;9;48;81m[48;2;6;49;81m▀[38;2;12;47;77m[48;2;11;48;77m▀[38;2;0;0;0m[48;2;0;0;0m▀[38;2;0;0;0m[48;2;0;0;0m▀[38;2;0;0;0m[48;2;0;0;0m▀[38;2;0;0;0m[48;2;0;0;0m▀[38;2;11;45;73m[48;2;11;45;73m▀[38;2;9;48;81m[48;2;9;48;81m▀[38;2;39;73;100m[48;2;39;73;100m▀[38;2;148;171;187m[48;2;148;171;187m▀[38;2;148;171;187m[48;2;148;171;187m▀[38;2;148;171;187m[48;2;148;171;187m▀[38;2;148;171;187m[48;2;148;171;187m▀[38;2;148;171;187m[48;2;148;171;187m▀[38;2;148;171;187m[48;2;148;171;187m▀[38;2;148;171;187m[48;2;148;171;187m▀[38;2;148;171;187m[48;2;148;171;187m▀[38;2;148;171;187m[48;2;148;171;187m▀[38;2;148;171;187m[48;2;148;171;187m▀[38;2;148;171;187m[48;2;148;171;187m▀[38;2;148;171;187m[48;2;148;171;187m▀[38;2;148;171;187m[48;2;148;171;187m▀[38;2;148;171;187m[48;2;148;171;187m▀[38;2;148;171;187m[48;2;148;171;187m▀[38;2;148;171;187m[48;2;148;171;187m▀[38;2;148;171;187m[48;2;148;171;187m▀[38;2;148;171;187m[48;2;148;171;187m▀[38;2;148;171;187m[48;2;148;171;187m▀[38;2;148;171;187m[48;2;148;171;187m▀[38;2;53;87;114m[48;2;53;87;114m▀[38;2;9;48;81m[48;2;9;48;81m▀[38;2;12;47;75m[48;2;12;47;75m▀[38;2;0;0;0m[48;2;0;0;0m▀[38;2;0;0;0m[48;2;0;0;0m▀[38;2;0;0;0m[48;2;0;0;0m▀[38;2;0;0;0m[48;2;0;0;0m▀[38;2;9;48;77m[48;2;9;48;77m▀[38;2;9;48;81m[48;2;9;48;81m▀[38;2;8;49;81m[48;2;0;0;0m▀[38;2;8;49;81m[48;2;0;0;0m▀[38;2;8;49;81m[48;2;0;0;0m▀[38;2;6;49;83m[48;2;0;0;0m▀[38;2;0;0;0m[48;2;0;0;0m▀[38;2;0;0;0m[48;2;0;0;0m▀[38;2;0;0;0m[48;2;0;0;0m▀[38;2;0;0;0m[48;2;0;0;0m▀[38;2;0;0;0m[48;2;0;0;0m▀[38;2;0;0;0m[48;2;0;0;0m▀[38;2;0;0;0m[48;2;0;0;0m▀[38;2;0;0;0m[48;2;0;0;0m▀[38;2;0;0;0m[48;2;0;0;0m▀[38;2;0;0;0m[48;2;0;0;0m▀[38;2;0;0;0m[48;2;0;0;0m▀[38;2;0;0;0m[48;2;0;0;0m▀[38;2;0;0;0m[48;2;0;0;0m▀[38;2;0;0;0m[48;2;0;0;0m▀[38;2;0;0;0m[48;2;0;0;0m▀[38;2;0;0;0m[48;2;0;0;0m▀[38;2;0;0;0m[48;2;0;0;0m▀[0m
[38;2;0;0;0m[48;2;0;0;0m▀[38;2;0;0;0m[48;2;0;0;0m▀[38;2;0;0;0m[48;2;0;0;0m▀[38;2;0;0;0m[48;2;0;0;0m▀[38;2;0;0;0m[48;2;0;0;0m▀[38;2;0;0;0m[48;2;0;0;0m▀[38;2;0;0;0m[48;2;216;227;231m▀[38;2;0;0;0m[48;2;212;229;239m▀[38;2;0;0;0m[48;2;216;227;231m▀[38;2;0;0;0m[48;2;0;0;0m▀[38;2;0;0;0m[48;2;0;0;0m▀[38;2;0;0;0m[48;2;0;0;0m▀[38;2;0;0;0m[48;2;0;0;0m▀[38;2;0;0;0m[48;2;0;0;0m▀[38;2;0;0;0m[48;2;0;0;0m▀[38;2;0;0;0m[48;2;0;0;0m▀[38;2;0;0;0m[48;2;0;0;0m▀[38;2;0;0;0m[48;2;9;50;82m▀[38;2;0;0;0m[48;2;7;50;84m▀[38;2;0;0;0m[48;2;7;50;84m▀[38;2;0;0;0m[48;2;7;50;84m▀[38;2;8;49;81m[48;2;9;48;81m▀[38;2;11;48;77m[48;2;12;47;77m▀[38;2;0;0;0m[48;2;0;0;0m▀[38;2;0;0;0m[48;2;0;0;0m▀[38;2;0;0;0m[48;2;0;0;0m▀[38;2;0;0;0m[48;2;0;0;0m▀[38;2;11;45;73m[48;2;11;45;73m▀[38;2;9;48;81m[48;2;9;48;81m▀[38;2;39;73;100m[48;2;39;73;100m▀[38;2;148;171;187m[48;2;148;171;187m▀[38;2;148;171;187m[48;2;148;171;187m▀[38;2;148;171;187m[48;2;148;171;187m▀[38;2;148;171;187m[48;2;148;171;187m▀[38;2;148;171;187m[48;2;148;171;187m▀[38;2;148;171;187m[48;2;148;171;187m▀[38;2;148;171;187m[48;2;148;171;187m▀[38;2;148;171;187m[48;2;148;171;187m▀[38;2;148;171;187m[48;2;148;171;187m▀[38;2;148;171;187m[48;2;148;171;187m▀[38;2;148;171;187m[48;2;148;171;187m▀[38;2;148;171;187m[48;2;148;171;187m▀[38;2;148;171;187m[48;2;148;171;187m▀[38;2;148;171;187m[48;2;148;171;187m▀[38;2;148;171;187m[48;2;148;171;187m▀[38;2;148;171;187m[48;2;148;171;187m▀[38;2;148;171;187m[48;2;148;171;187m▀[38;2;148;171;187m[48;2;148;171;187m▀[38;2;148;171;187m[48;2;148;171;187m▀[38;2;148;171;187m[48;2;148;171;187m▀[38;2;53;87;114m[48;2;53;87;114m▀[38;2;9;48;81m[48;2;9;48;81m▀[38;2;12;47;75m[48;2;12;47;75m▀[38;2;0;0;0m[48;2;0;0;0m▀[38;2;0;0;0m[48;2;0;0;0m▀[38;2;0;0;0m[48;2;0;0;0m▀[38;2;0;0;0m[48;2;0;0;0m▀[38;2;9;48;77m[48;2;9;48;77m▀[38;2;9;48;81m[48;2;9;48;81m▀[38;2;0;0;0m[48;2;5;51;87m▀[38;2;0;0;0m[48;2;7;50;84m▀[38;2;0;0;0m[48;2;7;50;84m▀[38;2;0;0;0m[48;2;7;50;84m▀[38;2;0;0;0m[48;2;0;0;0m▀[38;2;0;0;0m[48;2;0;0;0m▀[38;2;0;0;0m[48;2;0;0;0m▀[38;2;0;0;0m[48;2;0;0;0m▀[38;2;0;0;0m[48;2;0;0;0m▀[38;2;0;0;0m[48;2;0;0;0m▀[38;2;0;0;0m[48;2;0;0;0m▀[38;2;0;0;0m[48;2;0;0;0m▀[38;2;0;0;0m[48;2;218;229;233m▀[38;2;0;0;0m[48;2;212;229;239m▀[38;2;0;0;0m[48;2;215;226;230m▀[38;2;0;0;0m[48;2;0;0;0m▀[38;2;0;0;0m[48;2;0;0;0m▀[38;2;0;0;0m[48;2;0;0;0m▀[38;2;0;0;0m[48;2;0;0;0m▀[38;2;0;0;0m[48;2;0;0;0m▀[38;2;0;0;0m[48;2;0;0;0m▀[0m
[38;2;0;0;0m[48;2;0;0;0m▀[38;2;0;0;0m[48;2;0;0;0m▀[38;2;0;0;0m[48;2;0;0;0m▀[38;2;0;0;0m[48;2;0;0;0m▀[38;2;0;0;0m[48;2;0;0;0m▀[38;2;0;0;0m[48;2;0;0;0m▀[38;2;212;230;234m[48;2;0;0;0m▀[38;2;205;234;242m[48;2;0;0;0m▀[38;2;213;228;233m[48;2;0;0;0m▀[38;2;0;0;0m[48;2;0;0;0m▀[38;2;0;0;0m[48;2;0;0;0m▀[38;2;0;0;0m[48;2;0;0;0m▀[38;2;0;0;0m[48;2;0;0;0m▀[38;2;0;0;0m[48;2;0;0;0m▀[38;2;0;0;0m[48;2;0;0;0m▀[38;2;0;0;0m[48;2;0;0;0m▀[38;2;0;0;0m[48;2;0;0;0m▀[38;2;9;48;81m[48;2;0;0;0m▀[38;2;9;48;81m[48;2;0;0;0m▀[38;2;9;48;81m[48;2;0;0;0m▀[38;2;9;48;81m[48;2;0;0;0m▀[38;2;9;48;81m[48;2;0;0;0m▀[38;2;12;47;77m[48;2;0;0;0m▀[38;2;0;0;0m[48;2;3;44;72m▀[38;2;0;0;0m[48;2;8;51;85m▀[38;2;0;0;0m[48;2;0;0;0m▀[38;2;0;0;0m[48;2;0;0;0m▀[38;2;11;45;73m[48;2;0;0;0m▀[38;2;9;48;81m[48;2;0;0;0m▀[38;2;39;73;100m[48;2;187;209;223m▀[38;2;148;171;187m[48;2;8;47;78m▀[38;2;148;171;187m[48;2;8;47;76m▀[38;2;148;171;187m[48;2;8;47;78m▀[38;2;148;171;187m[48;2;8;47;78m▀[38;2;148;171;187m[48;2;8;47;76m▀[38;2;148;171;187m[48;2;8;47;78m▀[38;2;148;171;187m[48;2;8;47;76m▀[38;2;148;171;187m[48;2;8;47;78m▀[38;2;148;171;187m[48;2;8;47;78m▀[38;2;148;171;187m[48;2;8;47;76m▀[38;2;148;171;187m[48;2;8;47;78m▀[38;2;148;171;187m[48;2;8;47;76m▀[38;2;148;171;187m[48;2;8;47;78m▀[38;2;148;171;187m[48;2;8;47;78m▀[38;2;148;171;187m[48;2;8;47;76m▀[38;2;148;171;187m[48;2;8;47;78m▀[38;2;148;171;187m[48;2;8;47;76m▀[38;2;148;171;187m[48;2;8;47;78m▀[38;2;148;171;187m[48;2;8;47;78m▀[38;2;148;171;187m[48;2;8;47;76m▀[38;2;53;87;114m[48;2;168;186;206m▀[38;2;9;48;81m[48;2;0;0;0m▀[38;2;12;47;75m[48;2;0;0;0m▀[38;2;0;0;0m[48;2;0;0;0m▀[38;2;0;0;0m[48;2;0;0;0m▀[38;2;0;0;0m[48;2;8;51;85m▀[38;2;0;0;0m[48;2;6;49;83m▀[38;2;9;48;77m[48;2;0;0;0m▀[38;2;9;48;81m[48;2;0;0;0m▀[38;2;9;48;81m[48;2;0;0;0m▀[38;2;9;48;81m[48;2;0;0;0m▀[38;2;9;48;81m[48;2;0;0;0m▀[38;2;8;49;81m[48;2;0;0;0m▀[38;2;0;0;0m[48;2;0;0;0m▀[38;2;0;0;0m[48;2;0;0;0m▀[38;2;0;0;0m[48;2;0;0;0m▀[38;2;0;0;0m[48;2;0;0;0m▀[38;2;0;0;0m[48;2;0;0;0m▀[38;2;0;0;0m[48;2;0;0;0m▀[38;2;0;0;0m[48;2;0;0;0m▀[38;2;0;0;0m[48;2;0;0;0m▀[38;2;216;229;235m[48;2;0;0;0m▀[38;2;206;233;242m[48;2;0;0;0m▀[38;2;212;227;232m[48;2;0;0;0m▀[38;2;0;0;0m[48;2;0;0;0m▀[38;2;0;0;0m[48;2;0;0;0m▀[38;2;0;0;0m[48;2;0;0;0m▀[38;2;0;0;0m[48;2;0;0;0m▀[38;2;0;0;0m[48;2;0;0;0m▀[38;2;0;0;0m[48;2;0;0;0m▀[0m
[38;2;0;0;0m[48;2;0;0;0m▀[38;2;0;0;0m[48;2;0;0;0m▀[38;2;0;0;0m[48;2;0;0;0m▀[38;2;0;0;0m[48;2;0;0;0m▀[38;2;0;0;0m[48;2;0;0;0m▀[38;2;0;0;0m[48;2;0;0;0m▀[38;2;0;0;0m[48;2;0;0;0m▀[38;2;0;0;0m[48;2;0;0;0m▀[38;2;0;0;0m[48;2;0;0;0m▀[38;2;0;0;0m[48;2;0;0;0m▀[38;2;0;0;0m[48;2;0;0;0m▀[38;2;0;0;0m[48;2;0;0;0m▀[38;2;0;0;0m[48;2;0;0;0m▀[38;2;0;0;0m[48;2;0;0;0m▀[38;2;0;0;0m[48;2;0;0;0m▀[38;2;0;0;0m[48;2;0;0;0m▀[38;2;0;0;0m[48;2;0;0;0m▀[38;2;0;0;0m[48;2;0;0;0m▀[38;2;0;0;0m[48;2;0;0;0m▀[38;2;0;0;0m[48;2;0;0;0m▀[38;2;0;0;0m[48;2;0;0;0m▀[38;2;0;0;0m[48;2;0;0;0m▀[38;2;0;0;0m[48;2;0;0;0m▀[38;2;7;48;80m[48;2;0;0;0m▀[38;2;9;48;77m[48;2;0;0;0m▀[38;2;0;0;0m[48;2;17;49;74m▀[38;2;0;0;0m[48;2;11;48;77m▀[38;2;0;0;0m[48;2;11;48;77m▀[38;2;0;0;0m[48;2;11;48;77m▀[38;2;195;214;229m[48;2;11;47;79m▀[38;2;9;48;81m[48;2;9;48;81m▀[38;2;9;48;81m[48;2;9;48;81m▀[38;2;9;48;81m[48;2;9;48;81m▀[38;2;9;48;81m[48;2;8;47;80m▀[38;2;8;49;77m[48;2;145;173;187m▀[38;2;8;49;79m[48;2;146;172;187m▀[38;2;8;49;77m[48;2;145;173;187m▀[38;2;8;49;79m[48;2;146;172;187m▀[38;2;8;49;79m[48;2;146;172;187m▀[38;2;8;49;77m[48;2;145;173;187m▀[38;2;8;49;79m[48;2;146;172;187m▀[38;2;8;49;77m[48;2;145;173;187m▀[38;2;8;49;79m[48;2;146;172;187m▀[38;2;8;49;79m[48;2;146;172;187m▀[38;2;8;49;77m[48;2;145;173;187m▀[38;2;8;49;79m[48;2;146;172;187m▀[38;2;9;48;81m[48;2;6;45;76m▀[38;2;9;48;81m[48;2;9;48;81m▀[38;2;9;48;81m[48;2;9;48;81m▀[38;2;9;48;81m[48;2;9;48;81m▀[38;2;158;183;203m[48;2;9;48;81m▀[38;2;0;0;0m[48;2;11;48;77m▀[38;2;0;0;0m[48;2;11;48;77m▀[38;2;0;0;0m[48;2;11;48;77m▀[38;2;0;0;0m[48;2;15;49;76m▀[38;2;11;47;79m[48;2;0;0;0m▀[38;2;10;51;83m[48;2;0;0;0m▀[38;2;0;0;0m[48;2;0;0;0m▀[38;2;0;0;0m[48;2;0;0;0m▀[38;2;0;0;0m[48;2;0;0;0m▀[38;2;0;0;0m[48;2;0;0;0m▀[38;2;0;0;0m[48;2;0;0;0m▀[38;2;0;0;0m[48;2;0;0;0m▀[38;2;0;0;0m[48;2;0;0;0m▀[38;2;0;0;0m[48;2;0;0;0m▀[38;2;0;0;0m[48;2;0;0;0m▀[38;2;0;0;0m[48;2;0;0;0m▀[38;2;0;0;0m[48;2;0;0;0m▀[38;2;0;0;0m[48;2;0;0;0m▀[38;2;0;0;0m[48;2;0;0;0m▀[38;2;0;0;0m[48;2;0;0;0m▀[38;2;0;0;0m[48;2;0;0;0m▀[38;2;0;0;0m[48;2;0;0;0m▀[38;2;0;0;0m[48;2;0;0;0m▀[38;2;0;0;0m[48;2;0;0;0m▀[38;2;0;0;0m[48;2;0;0;0m▀[38;2;0;0;0m[48;2;0;0;0m▀[38;2;0;0;0m[48;2;0;0;0m▀[38;2;0;0;0m[48;2;0;0;0m▀[38;2;0;0;0m[48;2;0;0;0m▀[0m
[38;2;0;0;0m[48;2;0;0;0m▀[38;2;0;0;0m[48;2;0;0;0m▀[38;2;0;0;0m[48;2;0;0;0m▀[38;2;0;0;0m[48;2;0;0;0m▀[38;2;0;0;0m[48;2;0;0;0m▀[38;2;0;0;0m[48;2;0;0;0m▀[38;2;0;0;0m[48;2;0;0;0m▀[38;2;0;0;0m[48;2;0;0;0m▀[38;2;0;0;0m[48;2;0;0;0m▀[38;2;0;0;0m[48;2;0;0;0m▀[38;2;0;0;0m[48;2;0;0;0m▀[38;2;0;0;0m[48;2;0;0;0m▀[38;2;0;0;0m[48;2;0;0;0m▀[38;2;0;0;0m[48;2;0;0;0m▀[38;2;0;0;0m[48;2;0;0;0m▀[38;2;0;0;0m[48;2;0;0;0m▀[38;2;0;0;0m[48;2;0;0;0m▀[38;2;0;0;0m[48;2;0;0;0m▀[38;2;0;0;0m[48;2;0;0;0m▀[38;2;0;0;0m[48;2;0;0;0m▀[38;2;0;0;0m[48;2;0;0;0m▀[38;2;0;0;0m[48;2;0;0;0m▀[38;2;0;0;0m[48;2;0;0;0m▀[38;2;0;0;0m[48;2;0;0;0m▀[38;2;0;0;0m[48;2;0;0;0m▀[38;2;13;49;81m[48;2;235;245;254m▀[38;2;9;48;81m[48;2;226;239;248m▀[38;2;9;48;81m[48;2;226;239;248m▀[38;2;9;48;81m[48;2;226;239;248m▀[38;2;9;48;81m[48;2;226;239;248m▀[38;2;9;48;81m[48;2;226;239;248m▀[38;2;9;48;81m[48;2;213;236;254m▀[38;2;9;48;81m[48;2;9;48;81m▀[38;2;8;47;80m[48;2;8;47;80m▀[38;2;148;171;187m[48;2;145;173;187m▀[38;2;148;171;187m[48;2;148;171;187m▀[38;2;148;171;187m[48;2;148;171;187m▀[38;2;148;171;187m[48;2;148;171;185m▀[38;2;148;171;187m[48;2;204;227;241m▀[38;2;148;171;187m[48;2;204;227;241m▀[38;2;148;171;187m[48;2;204;227;241m▀[38;2;148;171;187m[48;2;204;227;241m▀[38;2;148;171;187m[48;2;148;171;187m▀[38;2;148;171;187m[48;2;148;171;187m▀[38;2;148;171;187m[48;2;148;171;187m▀[38;2;148;171;187m[48;2;148;171;187m▀[38;2;6;45;74m[48;2;6;45;74m▀[38;2;9;48;81m[48;2;8;49;81m▀[38;2;9;48;81m[48;2;215;238;255m▀[38;2;9;48;81m[48;2;226;239;248m▀[38;2;9;48;81m[48;2;226;239;248m▀[38;2;9;48;81m[48;2;226;239;248m▀[38;2;9;48;81m[48;2;226;239;248m▀[38;2;9;48;81m[48;2;226;239;248m▀[38;2;11;50;81m[48;2;0;0;0m▀[38;2;0;0;0m[48;2;0;0;0m▀[38;2;0;0;0m[48;2;0;0;0m▀[38;2;0;0;0m[48;2;0;0;0m▀[38;2;0;0;0m[48;2;0;0;0m▀[38;2;0;0;0m[48;2;0;0;0m▀[38;2;0;0;0m[48;2;0;0;0m▀[38;2;0;0;0m[48;2;0;0;0m▀[38;2;0;0;0m[48;2;0;0;0m▀[38;2;0;0;0m[48;2;0;0;0m▀[38;2;0;0;0m[48;2;0;0;0m▀[38;2;0;0;0m[48;2;0;0;0m▀[38;2;0;0;0m[48;2;0;0;0m▀[38;2;0;0;0m[48;2;0;0;0m▀[38;2;0;0;0m[48;2;0;0;0m▀[38;2;0;0;0m[48;2;0;0;0m▀[38;2;0;0;0m[48;2;0;0;0m▀[38;2;0;0;0m[48;2;0;0;0m▀[38;2;0;0;0m[48;2;0;0;0m▀[38;2;0;0;0m[48;2;0;0;0m▀[38;2;0;0;0m[48;2;0;0;0m▀[38;2;0;0;0m[48;2;0;0;0m▀[38;2;0;0;0m[48;2;0;0;0m▀[38;2;0;0;0m[48;2;0;0;0m▀[38;2;0;0;0m[48;2;0;0;0m▀[38;2;0;0;0m[48;2;0;0;0m▀[0m
[38;2;0;0;0m[48;2;0;0;0m▀[38;2;0;0;0m[48;2;0;0;0m▀[38;2;0;0;0m[48;2;0;0;0m▀[38;2;0;0;0m[48;2;0;0;0m▀[38;2;0;0;0m[48;2;0;0;0m▀[38;2;0;0;0m[48;2;0;0;0m▀[38;2;0;0;0m[48;2;0;0;0m▀[38;2;0;0;0m[48;2;0;0;0m▀[38;2;0;0;0m[48;2;0;0;0m▀[38;2;0;0;0m[48;2;0;0;0m▀[38;2;0;0;0m[48;2;0;0;0m▀[38;2;0;0;0m[48;2;0;0;0m▀[38;2;0;0;0m[48;2;0;0;0m▀[38;2;0;0;0m[48;2;0;0;0m▀[38;2;0;0;0m[48;2;0;0;0m▀[38;2;0;0;0m[48;2;0;0;0m▀[38;2;0;0;0m[48;2;0;0;0m▀[38;2;0;0;0m[48;2;0;0;0m▀[38;2;0;0;0m[48;2;0;0;0m▀[38;2;0;0;0m[48;2;0;0;0m▀[38;2;0;0;0m[48;2;0;0;0m▀[38;2;0;0;0m[48;2;0;0;0m▀[38;2;0;0;0m[48;2;0;0;0m▀[38;2;0;0;0m[48;2;0;0;0m▀[38;2;0;0;0m[48;2;0;0;0m▀[38;2;0;0;0m[48;2;0;0;0m▀[38;2;0;0;0m[48;2;0;0;0m▀[38;2;0;0;0m[48;2;0;0;0m▀[38;2;0;0;0m[48;2;0;0;0m▀[38;2;0;0;0m[48;2;0;0;0m▀[38;2;0;0;0m[48;2;0;0;0m▀[38;2;0;0;0m[48;2;0;0;0m▀[38;2;9;48;81m[48;2;9;48;81m▀[38;2;8;47;80m[48;2;8;47;80m▀[38;2;145;173;187m[48;2;145;173;187m▀[38;2;148;171;187m[48;2;148;171;187m▀[38;2;148;171;187m[48;2;148;171;187m▀[38;2;146;172;187m[48;2;145;168;182m▀[38;2;211;231;242m[48;2;195;219;231m▀[38;2;209;231;242m[48;2;196;218;231m▀[38;2;209;231;242m[48;2;196;218;231m▀[38;2;211;231;242m[48;2;195;219;231m▀[38;2;148;171;187m[48;2;148;171;187m▀[38;2;148;171;187m[48;2;148;171;187m▀[38;2;148;171;187m[48;2;148;171;187m▀[38;2;148;171;187m[48;2;148;171;187m▀[38;2;6;45;74m[48;2;6;45;74m▀[38;2;6;49;84m[48;2;6;49;84m▀[38;2;0;0;0m[48;2;0;0;0m▀[38;2;0;0;0m[48;2;0;0;0m▀[38;2;0;0;0m[48;2;0;0;0m▀[38;2;0;0;0m[48;2;0;0;0m▀[38;2;0;0;0m[48;2;0;0;0m▀[38;2;0;0;0m[48;2;0;0;0m▀[38;2;0;0;0m[48;2;0;0;0m▀[38;2;0;0;0m[48;2;0;0;0m▀[38;2;0;0;0m[48;2;0;0;0m▀[38;2;0;0;0m[48;2;0;0;0m▀[38;2;0;0;0m[48;2;0;0;0m▀[38;2;0;0;0m[48;2;0;0;0m▀[38;2;0;0;0m[48;2;0;0;0m▀[38;2;0;0;0m[48;2;0;0;0m▀[38;2;0;0;0m[48;2;0;0;0m▀[38;2;0;0;0m[48;2;0;0;0m▀[38;2;0;0;0m[48;2;0;0;0m▀[38;2;0;0;0m[48;2;0;0;0m▀[38;2;0;0;0m[48;2;0;0;0m▀[38;2;0;0;0m[48;2;0;0;0m▀[38;2;0;0;0m[48;2;0;0;0m▀[38;2;0;0;0m[48;2;0;0;0m▀[38;2;0;0;0m[48;2;0;0;0m▀[38;2;0;0;0m[48;2;0;0;0m▀[38;2;0;0;0m[48;2;0;0;0m▀[38;2;0;0;0m[48;2;0;0;0m▀[38;2;0;0;0m[48;2;0;0;0m▀[38;2;0;0;0m[48;2;0;0;0m▀[38;2;0;0;0m[48;2;0;0;0m▀[38;2;0;0;0m[48;2;0;0;0m▀[38;2;0;0;0m[48;2;0;0;0m▀[38;2;0;0;0m[48;2;0;0;0m▀[0m
[38;2;0;0;0m[48;2;0;0;0m▀[38;2;0;0;0m[48;2;0;0;0m▀[38;2;0;0;0m[48;2;0;0;0m▀[38;2;0;0;0m[48;2;0;0;0m▀[38;2;0;0;0m[48;2;0;0;0m▀[38;2;0;0;0m[48;2;0;0;0m▀[38;2;0;0;0m[48;2;0;0;0m▀[38;2;0;0;0m[48;2;0;0;0m▀[38;2;0;0;0m[48;2;0;0;0m▀[38;2;0;0;0m[48;2;0;0;0m▀[38;2;0;0;0m[48;2;0;0;0m▀[38;2;0;0;0m[48;2;0;0;0m▀[38;2;0;0;0m[48;2;0;0;0m▀[38;2;0;0;0m[48;2;0;0;0m▀[38;2;0;0;0m[48;2;0;0;0m▀[38;2;0;0;0m[48;2;0;0;0m▀[38;2;0;0;0m[48;2;0;0;0m▀[38;2;0;0;0m[48;2;0;0;0m▀[38;2;0;0;0m[48;2;0;0;0m▀[38;2;0;0;0m[48;2;0;0;0m▀[38;2;0;0;0m[48;2;0;0;0m▀[38;2;0;0;0m[48;2;0;0;0m▀[38;2;0;0;0m[48;2;0;0;0m▀[38;2;0;0;0m[48;2;0;0;0m▀[38;2;0;0;0m[48;2;0;0;0m▀[38;2;0;0;0m[48;2;0;0;0m▀[38;2;0;0;0m[48;2;0;0;0m▀[38;2;0;0;0m[48;2;0;0;0m▀[38;2;0;0;0m[48;2;0;0;0m▀[38;2;0;0;0m[48;2;0;0;0m▀[38;2;0;0;0m[48;2;0;0;0m▀[38;2;0;0;0m[48;2;0;0;0m▀[38;2;9;48;81m[48;2;9;48;81m▀[38;2;8;47;80m[48;2;4;43;76m▀[38;2;145;173;187m[48;2;146;177;195m▀[38;2;148;171;187m[48;2;148;177;195m▀[38;2;146;172;187m[48;2;146;177;195m▀[38;2;148;171;189m[48;2;148;177;195m▀[38;2;148;171;189m[48;2;148;177;195m▀[38;2;145;172;189m[48;2;146;177;195m▀[38;2;145;172;189m[48;2;148;177;195m▀[38;2;146;172;189m[48;2;146;177;195m▀[38;2;148;171;187m[48;2;148;177;195m▀[38;2;148;171;187m[48;2;148;177;195m▀[38;2;146;172;187m[48;2;146;177;195m▀[38;2;148;171;187m[48;2;148;177;195m▀[38;2;6;45;74m[48;2;3;42;71m▀[38;2;6;49;84m[48;2;6;49;84m▀[38;2;0;0;0m[48;2;0;0;0m▀[38;2;0;0;0m[48;2;0;0;0m▀[38;2;0;0;0m[48;2;0;0;0m▀[38;2;0;0;0m[48;2;0;0;0m▀[38;2;0;0;0m[48;2;0;0;0m▀[38;2;0;0;0m[48;2;0;0;0m▀[38;2;0;0;0m[48;2;0;0;0m▀[38;2;0;0;0m[48;2;0;0;0m▀[38;2;0;0;0m[48;2;0;0;0m▀[38;2;0;0;0m[48;2;0;0;0m▀[38;2;0;0;0m[48;2;0;0;0m▀[38;2;0;0;0m[48;2;0;0;0m▀[38;2;0;0;0m[48;2;0;0;0m▀[38;2;0;0;0m[48;2;0;0;0m▀[38;2;0;0;0m[48;2;0;0;0m▀[38;2;0;0;0m[48;2;0;0;0m▀[38;2;0;0;0m[48;2;0;0;0m▀[38;2;0;0;0m[48;2;0;0;0m▀[38;2;0;0;0m[48;2;0;0;0m▀[38;2;0;0;0m[48;2;0;0;0m▀[38;2;0;0;0m[48;2;0;0;0m▀[38;2;0;0;0m[48;2;0;0;0m▀[38;2;0;0;0m[48;2;0;0;0m▀[38;2;0;0;0m[48;2;0;0;0m▀[38;2;0;0;0m[48;2;0;0;0m▀[38;2;0;0;0m[48;2;0;0;0m▀[38;2;0;0;0m[48;2;0;0;0m▀[38;2;0;0;0m[48;2;0;0;0m▀[38;2;0;0;0m[48;2;0;0;0m▀[38;2;0;0;0m[48;2;0;0;0m▀[38;2;0;0;0m[48;2;0;0;0m▀[38;2;0;0;0m[48;2;0;0;0m▀[0m
[38;2;0;0;0m[48;2;0;0;0m▀[38;2;0;0;0m[48;2;0;0;0m▀[38;2;0;0;0m[48;2;0;0;0m▀[38;2;0;0;0m[48;2;0;0;0m▀[38;2;0;0;0m[48;2;0;0;0m▀[38;2;0;0;0m[48;2;0;0;0m▀[38;2;0;0;0m[48;2;0;0;0m▀[38;2;0;0;0m[48;2;0;0;0m▀[38;2;0;0;0m[48;2;0;0;0m▀[38;2;0;0;0m[48;2;0;0;0m▀[38;2;0;0;0m[48;2;0;0;0m▀[38;2;0;0;0m[48;2;0;0;0m▀[38;2;0;0;0m[48;2;0;0;0m▀[38;2;0;0;0m[48;2;0;0;0m▀[38;2;0;0;0m[48;2;0;0;0m▀[38;2;0;0;0m[48;2;0;0;0m▀[38;2;0;0;0m[48;2;0;0;0m▀[38;2;0;0;0m[48;2;0;0;0m▀[38;2;0;0;0m[48;2;0;0;0m▀[38;2;0;0;0m[48;2;0;0;0m▀[38;2;0;0;0m[48;2;0;0;0m▀[38;2;0;0;0m[48;2;0;0;0m▀[38;2;0;0;0m[48;2;0;0;0m▀[38;2;0;0;0m[48;2;0;0;0m▀[38;2;0;0;0m[48;2;0;0;0m▀[38;2;0;0;0m[48;2;0;0;0m▀[38;2;0;0;0m[48;2;0;0;0m▀[38;2;0;0;0m[48;2;0;0;0m▀[38;2;0;0;0m[48;2;0;0;0m▀[38;2;0;0;0m[48;2;0;0;0m▀[38;2;0;0;0m[48;2;0;0;0m▀[38;2;0;0;0m[48;2;0;0;0m▀[38;2;9;48;81m[48;2;8;49;81m▀[38;2;9;48;81m[48;2;6;49;83m▀[38;2;9;48;81m[48;2;6;49;83m▀[38;2;9;48;81m[48;2;12;47;75m▀[38;2;9;48;81m[48;2;9;48;81m▀[38;2;9;48;81m[48;2;9;48;79m▀[38;2;9;48;81m[48;2;11;47;79m▀[38;2;9;48;81m[48;2;6;49;83m▀[38;2;9;48;81m[48;2;6;49;83m▀[38;2;9;48;81m[48;2;9;48;77m▀[38;2;9;48;81m[48;2;9;48;81m▀[38;2;9;48;81m[48;2;9;48;81m▀[38;2;9;48;81m[48;2;12;47;75m▀[38;2;9;48;81m[48;2;6;49;83m▀[38;2;9;48;81m[48;2;6;49;83m▀[38;2;6;49;84m[48;2;11;48;77m▀[38;2;0;0;0m[48;2;0;0;0m▀[38;2;0;0;0m[48;2;0;0;0m▀[38;2;0;0;0m[48;2;0;0;0m▀[38;2;0;0;0m[48;2;0;0;0m▀[38;2;0;0;0m[48;2;0;0;0m▀[38;2;0;0;0m[48;2;0;0;0m▀[38;2;0;0;0m[48;2;0;0;0m▀[38;2;0;0;0m[48;2;0;0;0m▀[38;2;0;0;0m[48;2;0;0;0m▀[38;2;0;0;0m[48;2;0;0;0m▀[38;2;0;0;0m[48;2;0;0;0m▀[38;2;0;0;0m[48;2;0;0;0m▀[38;2;0;0;0m[48;2;0;0;0m▀[38;2;0;0;0m[48;2;0;0;0m▀[38;2;0;0;0m[48;2;0;0;0m▀[38;2;0;0;0m[48;2;0;0;0m▀[38;2;0;0;0m[48;2;0;0;0m▀[38;2;0;0;0m[48;2;0;0;0m▀[38;2;0;0;0m[48;2;0;0;0m▀[38;2;0;0;0m[48;2;0;0;0m▀[38;2;0;0;0m[48;2;0;0;0m▀[38;2;0;0;0m[48;2;0;0;0m▀[38;2;0;0;0m[48;2;0;0;0m▀[38;2;0;0;0m[48;2;0;0;0m▀[38;2;0;0;0m[48;2;0;0;0m▀[38;2;0;0;0m[48;2;0;0;0m▀[38;2;0;0;0m[48;2;0;0;0m▀[38;2;0;0;0m[48;2;0;0;0m▀[38;2;0;0;0m[48;2;0;0;0m▀[38;2;0;0;0m[48;2;0;0;0m▀[38;2;0;0;0m[48;2;0;0;0m▀[38;2;0;0;0m[48;2;0;0;0m▀[0m
[38;2;0;0;0m[48;2;0;0;0m▀[38;2;0;0;0m[48;2;0;0;0m▀[38;2;0;0;0m[48;2;0;0;0m▀[38;2;0;0;0m[48;2;0;0;0m▀[38;2;0;0;0m[48;2;0;0;0m▀[38;2;0;0;0m[48;2;0;0;0m▀[38;2;0;0;0m[48;2;0;0;0m▀[38;2;0;0;0m[48;2;0;0;0m▀[38;2;0;0;0m[48;2;0;0;0m▀[38;2;0;0;0m[48;2;0;0;0m▀[38;2;0;0;0m[48;2;0;0;0m▀[38;2;0;0;0m[48;2;0;0;0m▀[38;2;0;0;0m[48;2;0;0;0m▀[38;2;0;0;0m[48;2;0;0;0m▀[38;2;0;0;0m[48;2;0;0;0m▀[38;2;0;0;0m[48;2;0;0;0m▀[38;2;0;0;0m[48;2;0;0;0m▀[38;2;0;0;0m[48;2;0;0;0m▀[38;2;0;0;0m[48;2;0;0;0m▀[38;2;0;0;0m[48;2;0;0;0m▀[38;2;0;0;0m[48;2;0;0;0m▀[38;2;0;0;0m[48;2;0;0;0m▀[38;2;0;0;0m[48;2;0;0;0m▀[38;2;0;0;0m[48;2;0;0;0m▀[38;2;0;0;0m[48;2;0;0;0m▀[38;2;0;0;0m[48;2;0;0;0m▀[38;2;0;0;0m[48;2;0;0;0m▀[38;2;0;0;0m[48;2;0;0;0m▀[38;2;0;0;0m[48;2;0;0;0m▀[38;2;0;0;0m[48;2;0;0;0m▀[38;2;0;0;0m[48;2;0;0;0m▀[38;2;0;0;0m[48;2;0;0;0m▀[38;2;0;0;0m[48;2;0;0;0m▀[38;2;0;0;0m[48;2;0;0;0m▀[38;2;0;0;0m[48;2;0;0;0m▀[38;2;0;0;0m[48;2;0;0;0m▀[38;2;9;48;81m[48;2;9;48;81m▀[38;2;6;50;85m[48;2;6;50;85m▀[38;2;0;0;0m[48;2;0;0;0m▀[38;2;0;0;0m[48;2;0;0;0m▀[38;2;0;0;0m[48;2;0;0;0m▀[38;2;0;0;0m[48;2;0;0;0m▀[38;2;8;48;83m[48;2;8;48;83m▀[38;2;9;48;81m[48;2;9;48;81m▀[38;2;0;0;0m[48;2;0;0;0m▀[38;2;0;0;0m[48;2;0;0;0m▀[38;2;0;0;0m[48;2;0;0;0m▀[38;2;0;0;0m[48;2;0;0;0m▀[38;2;0;0;0m[48;2;0;0;0m▀[38;2;0;0;0m[48;2;0;0;0m▀[38;2;0;0;0m[48;2;0;0;0m▀[38;2;0;0;0m[48;2;0;0;0m▀[38;2;0;0;0m[48;2;0;0;0m▀[38;2;0;0;0m[48;2;0;0;0m▀[38;2;0;0;0m[48;2;0;0;0m▀[38;2;0;0;0m[48;2;0;0;0m▀[38;2;0;0;0m[48;2;0;0;0m▀[38;2;0;0;0m[48;2;0;0;0m▀[38;2;0;0;0m[48;2;0;0;0m▀[38;2;0;0;0m[48;2;0;0;0m▀[38;2;0;0;0m[48;2;0;0;0m▀[38;2;0;0;0m[48;2;0;0;0m▀[38;2;0;0;0m[48;2;0;0;0m▀[38;2;0;0;0m[48;2;0;0;0m▀[38;2;0;0;0m[48;2;0;0;0m▀[38;2;0;0;0m[48;2;0;0;0m▀[38;2;0;0;0m[48;2;0;0;0m▀[38;2;0;0;0m[48;2;0;0;0m▀[38;2;0;0;0m[48;2;0;0;0m▀[38;2;0;0;0m[48;2;0;0;0m▀[38;2;0;0;0m[48;2;0;0;0m▀[38;2;0;0;0m[48;2;0;0;0m▀[38;2;0;0;0m[48;2;0;0;0m▀[38;2;0;0;0m[48;2;0;0;0m▀[38;2;0;0;0m[48;2;0;0;0m▀[38;2;0;0;0m[48;2;0;0;0m▀[38;2;0;0;0m[48;2;0;0;0m▀[38;2;0;0;0m[48;2;0;0;0m▀[38;2;0;0;0m[48;2;0;0;0m▀[38;2;0;0;0m[48;2;0;0;0m▀[0m
[38;2;0;0;0m[48;2;0;0;0m▀[38;2;0;0;0m[48;2;0;0;0m▀[38;2;0;0;0m[48;2;0;0;0m▀[38;2;0;0;0m[48;2;0;0;0m▀[38;2;0;0;0m[48;2;0;0;0m▀[38;2;0;0;0m[48;2;0;0;0m▀[38;2;0;0;0m[48;2;0;0;0m▀[38;2;0;0;0m[48;2;0;0;0m▀[38;2;0;0;0m[48;2;0;0;0m▀[38;2;0;0;0m[48;2;0;0;0m▀[38;2;0;0;0m[48;2;0;0;0m▀[38;2;0;0;0m[48;2;0;0;0m▀[38;2;0;0;0m[48;2;0;0;0m▀[38;2;0;0;0m[48;2;0;0;0m▀[38;2;0;0;0m[48;2;0;0;0m▀[38;2;0;0;0m[48;2;0;0;0m▀[38;2;0;0;0m[48;2;0;0;0m▀[38;2;0;0;0m[48;2;0;0;0m▀[38;2;0;0;0m[48;2;0;0;0m▀[38;2;0;0;0m[48;2;0;0;0m▀[38;2;0;0;0m[48;2;0;0;0m▀[38;2;0;0;0m[48;2;0;0;0m▀[38;2;0;0;0m[48;2;0;0;0m▀[38;2;0;0;0m[48;2;0;0;0m▀[38;2;0;0;0m[48;2;0;0;0m▀[38;2;0;0;0m[48;2;0;0;0m▀[38;2;0;0;0m[48;2;0;0;0m▀[38;2;0;0;0m[48;2;0;0;0m▀[38;2;0;0;0m[48;2;0;0;0m▀[38;2;0;0;0m[48;2;0;0;0m▀[38;2;0;0;0m[48;2;0;0;0m▀[38;2;0;0;0m[48;2;0;0;0m▀[38;2;0;0;0m[48;2;0;0;0m▀[38;2;0;0;0m[48;2;0;0;0m▀[38;2;8;49;79m[48;2;6;49;81m▀[38;2;8;49;81m[48;2;9;48;81m▀[38;2;9;48;81m[48;2;9;48;81m▀[38;2;6;50;85m[48;2;6;47;79m▀[38;2;0;0;0m[48;2;0;0;0m▀[38;2;0;0;0m[48;2;0;0;0m▀[38;2;0;0;0m[48;2;0;0;0m▀[38;2;0;0;0m[48;2;0;0;0m▀[38;2;8;48;83m[48;2;9;48;81m▀[38;2;9;48;81m[48;2;9;48;81m▀[38;2;8;49;81m[48;2;9;48;81m▀[38;2;9;48;81m[48;2;9;48;81m▀[38;2;0;0;0m[48;2;0;0;0m▀[38;2;0;0;0m[48;2;0;0;0m▀[38;2;0;0;0m[48;2;0;0;0m▀[38;2;0;0;0m[48;2;0;0;0m▀[38;2;0;0;0m[48;2;0;0;0m▀[38;2;0;0;0m[48;2;0;0;0m▀[38;2;0;0;0m[48;2;0;0;0m▀[38;2;0;0;0m[48;2;0;0;0m▀[38;2;0;0;0m[48;2;0;0;0m▀[38;2;0;0;0m[48;2;0;0;0m▀[38;2;0;0;0m[48;2;0;0;0m▀[38;2;0;0;0m[48;2;0;0;0m▀[38;2;0;0;0m[48;2;0;0;0m▀[38;2;0;0;0m[48;2;0;0;0m▀[38;2;0;0;0m[48;2;0;0;0m▀[38;2;0;0;0m[48;2;0;0;0m▀[38;2;0;0;0m[48;2;0;0;0m▀[38;2;0;0;0m[48;2;0;0;0m▀[38;2;0;0;0m[48;2;0;0;0m▀[38;2;0;0;0m[48;2;0;0;0m▀[38;2;0;0;0m[48;2;0;0;0m▀[38;2;0;0;0m[48;2;0;0;0m▀[38;2;0;0;0m[48;2;0;0;0m▀[38;2;0;0;0m[48;2;0;0;0m▀[38;2;0;0;0m[48;2;0;0;0m▀[38;2;0;0;0m[48;2;0;0;0m▀[38;2;0;0;0m[48;2;0;0;0m▀[38;2;0;0;0m[48;2;0;0;0m▀[38;2;0;0;0m[48;2;0;0;0m▀[38;2;0;0;0m[48;2;0;0;0m▀[38;2;0;0;0m[48;2;0;0;0m▀[38;2;0;0;0m[48;2;0;0;0m▀[38;2;0;0;0m[48;2;0;0;0m▀[38;2;0;0;0m[48;2;0;0;0m▀[0m
[38;2;0;0;0m[48;2;0;0;0m▀[38;2;0;0;0m[48;2;0;0;0m▀[38;2;0;0;0m[48;2;0;0;0m▀[38;2;0;0;0m[48;2;0;0;0m▀[38;2;9;46;72m[48;2;10;47;73m▀[38;2;5;48;82m[48;2;9;48;81m▀[38;2;5;48;82m[48;2;8;49;81m▀[38;2;5;48;82m[48;2;6;49;83m▀[38;2;5;48;82m[48;2;8;48;83m▀[38;2;5;48;82m[48;2;8;48;83m▀[38;2;5;48;82m[48;2;8;48;83m▀[38;2;5;48;82m[48;2;8;48;83m▀[38;2;5;48;82m[48;2;8;48;83m▀[38;2;5;48;82m[48;2;8;48;83m▀[38;2;5;48;82m[48;2;8;48;83m▀[38;2;5;48;82m[48;2;8;48;83m▀[38;2;5;48;82m[48;2;8;48;83m▀[38;2;5;48;82m[48;2;8;48;83m▀[38;2;5;48;82m[48;2;8;48;83m▀[38;2;5;48;82m[48;2;8;48;83m▀[38;2;5;48;82m[48;2;8;48;83m▀[38;2;5;48;82m[48;2;8;48;83m▀[38;2;5;48;82m[48;2;8;48;83m▀[38;2;5;48;82m[48;2;8;48;83m▀[38;2;5;48;82m[48;2;8;48;83m▀[38;2;5;48;82m[48;2;8;48;83m▀[38;2;5;48;82m[48;2;8;48;83m▀[38;2;5;48;82m[48;2;8;48;83m▀[38;2;5;48;82m[48;2;8;48;83m▀[38;2;5;48;82m[48;2;8;48;83m▀[38;2;5;48;82m[48;2;8;48;83m▀[38;2;5;48;82m[48;2;8;48;83m▀[38;2;5;48;80m[48;2;8;48;83m▀[38;2;6;49;81m[48;2;8;48;83m▀[38;2;9;48;81m[48;2;8;48;83m▀[38;2;9;48;81m[48;2;8;48;83m▀[38;2;9;48;81m[48;2;8;48;83m▀[38;2;9;48;81m[48;2;8;48;83m▀[38;2;8;47;80m[48;2;8;48;83m▀[38;2;5;48;82m[48;2;8;48;83m▀[38;2;5;48;82m[48;2;8;48;83m▀[38;2;8;47;80m[48;2;8;48;83m▀[38;2;9;48;81m[48;2;8;48;83m▀[38;2;9;48;81m[48;2;8;48;83m▀[38;2;9;48;81m[48;2;8;48;83m▀[38;2;9;48;81m[48;2;8;48;83m▀[38;2;6;49;81m[48;2;8;48;83m▀[38;2;5;48;82m[48;2;8;48;83m▀[38;2;5;48;82m[48;2;8;48;83m▀[38;2;5;48;82m[48;2;8;48;83m▀[38;2;5;48;82m[48;2;8;48;83m▀[38;2;5;48;82m[48;2;8;48;83m▀[38;2;5;48;82m[48;2;8;48;83m▀[38;2;5;48;82m[48;2;8;48;83m▀[38;2;5;48;82m[48;2;8;48;83m▀[38;2;5;48;82m[48;2;8;48;83m▀[38;2;5;48;82m[48;2;8;48;83m▀[38;2;5;48;82m[48;2;8;48;83m▀[38;2;5;48;82m[48;2;8;48;83m▀[38;2;5;48;82m[48;2;8;48;83m▀[38;2;5;48;82m[48;2;8;48;83m▀[38;2;5;48;82m[48;2;8;48;83m▀[38;2;5;48;82m[48;2;8;48;83m▀[38;2;5;48;82m[48;2;8;48;83m▀[38;2;5;48;82m[48;2;8;48;83m▀[38;2;5;48;82m[48;2;8;48;83m▀[38;2;5;48;82m[48;2;8;48;83m▀[38;2;5;48;82m[48;2;8;48;83m▀[38;2;5;48;82m[48;2;8;48;83m▀[38;2;5;48;82m[48;2;8;48;83m▀[38;2;5;48;82m[48;2;8;48;83m▀[38;2;5;48;82m[48;2;8;48;83m▀[38;2;5;48;82m[48;2;8;48;83m▀[38;2;5;48;82m[48;2;8;49;81m▀[38;2;5;48;82m[48;2;9;48;81m▀[38;2;11;46;76m[48;2;11;46;76m▀[38;2;0;0;0m[48;2;0;0;0m▀[38;2;0;0;0m[48;2;0;0;0m▀[38;2;0;0;0m[48;2;0;0;0m▀[38;2;0;0;0m[48;2;0;0;0m▀[0m
[38;2;0;0;0m[48;2;0;0;0m▀[38;2;0;0;0m[48;2;0;0;0m▀[38;2;0;0;0m[48;2;0;0;0m▀[38;2;0;0;0m[48;2;0;0;0m▀[38;2;10;47;73m[48;2;10;47;73m▀[38;2;9;48;81m[48;2;9;48;81m▀[38;2;143;174;194m[48;2;148;184;200m▀[38;2;152;171;186m[48;2;145;173;184m▀[38;2;147;173;186m[48;2;148;171;187m▀[38;2;147;173;186m[48;2;148;171;187m▀[38;2;147;173;186m[48;2;148;171;187m▀[38;2;147;173;186m[48;2;148;171;187m▀[38;2;147;173;186m[48;2;148;171;187m▀[38;2;147;173;186m[48;2;148;171;187m▀[38;2;147;173;186m[48;2;148;171;187m▀[38;2;147;173;186m[48;2;148;171;187m▀[38;2;147;173;186m[48;2;148;171;187m▀[38;2;147;173;186m[48;2;148;171;187m▀[38;2;147;173;186m[48;2;148;171;187m▀[38;2;147;173;186m[48;2;148;171;187m▀[38;2;147;173;186m[48;2;148;171;187m▀[38;2;147;173;186m[48;2;148;171;187m▀[38;2;147;173;186m[48;2;148;171;187m▀[38;2;147;173;186m[48;2;148;171;187m▀[38;2;147;173;186m[48;2;148;171;187m▀[38;2;147;173;186m[48;2;148;171;187m▀[38;2;147;173;186m[48;2;148;171;187m▀[38;2;147;173;186m[48;2;148;171;187m▀[38;2;147;173;186m[48;2;148;171;187m▀[38;2;147;173;186m[48;2;148;171;187m▀[38;2;147;173;186m[48;2;148;171;187m▀[38;2;147;173;186m[48;2;148;171;187m▀[38;2;147;173;186m[48;2;148;171;187m▀[38;2;147;173;186m[48;2;148;171;187m▀[38;2;147;173;186m[48;2;148;171;187m▀[38;2;147;173;186m[48;2;148;171;187m▀[38;2;147;173;186m[48;2;148;171;187m▀[38;2;147;173;186m[48;2;148;171;187m▀[38;2;147;173;186m[48;2;148;171;187m▀[38;2;147;173;186m[48;2;148;171;187m▀[38;2;147;173;186m[48;2;148;171;187m▀[38;2;147;173;186m[48;2;148;171;187m▀[38;2;147;173;186m[48;2;148;171;187m▀[38;2;147;173;186m[48;2;148;171;187m▀[38;2;147;173;186m[48;2;148;171;187m▀[38;2;147;173;186m[48;2;148;171;187m▀[38;2;147;173;186m[48;2;148;171;187m▀[38;2;147;173;186m[48;2;148;171;187m▀[38;2;147;173;186m[48;2;148;171;187m▀[38;2;147;173;186m[48;2;148;171;187m▀[38;2;147;173;186m[48;2;148;171;187m▀[38;2;147;173;186m[48;2;148;171;187m▀[38;2;147;173;186m[48;2;148;171;187m▀[38;2;147;173;186m[48;2;148;171;187m▀[38;2;147;173;186m[48;2;148;171;187m▀[38;2;147;173;186m[48;2;148;171;187m▀[38;2;147;173;186m[48;2;148;171;187m▀[38;2;147;173;186m[48;2;148;171;187m▀[38;2;147;173;186m[48;2;148;171;187m▀[38;2;147;173;186m[48;2;148;171;187m▀[38;2;147;173;186m[48;2;148;171;187m▀[38;2;147;173;186m[48;2;148;171;187m▀[38;2;147;173;186m[48;2;148;171;187m▀[38;2;147;173;186m[48;2;148;171;187m▀[38;2;147;173;186m[48;2;148;171;187m▀[38;2;147;173;186m[48;2;148;171;187m▀[38;2;147;173;186m[48;2;148;171;187m▀[38;2;147;173;186m[48;2;148;171;187m▀[38;2;147;173;186m[48;2;148;171;187m▀[38;2;147;173;186m[48;2;148;171;187m▀[38;2;147;173;186m[48;2;148;171;187m▀[38;2;147;173;186m[48;2;148;171;187m▀[38;2;149;173;185m[48;2;146;172;185m▀[38;2;144;175;195m[48;2;146;179;198m▀[38;2;9;48;81m[48;2;9;48;81m▀[38;2;11;46;76m[48;2;11;46;76m▀[38;2;0;0;0m[48;2;0;0;0m▀[38;2;0;0;0m[48;2;0;0;0m▀[38;2;0;0;0m[48;2;0;0;0m▀[38;2;0;0;0m[48;2;0;0;0m▀[0m
[38;2;0;0;0m[48;2;0;0;0m▀[38;2;0;0;0m[48;2;0;0;0m▀[38;2;0;0;0m[48;2;0;0;0m▀[38;2;0;0;0m[48;2;0;0;0m▀[38;2;10;47;73m[48;2;10;48;71m▀[38;2;9;48;81m[48;2;8;49;81m▀[38;2;6;49;83m[48;2;8;49;81m▀[38;2;8;49;81m[48;2;8;49;81m▀[38;2;8;48;83m[48;2;8;49;81m▀[38;2;8;48;83m[48;2;8;49;81m▀[38;2;8;48;83m[48;2;8;49;81m▀[38;2;8;48;83m[48;2;8;49;81m▀[38;2;8;48;83m[48;2;8;49;81m▀[38;2;8;48;83m[48;2;8;49;81m▀[38;2;8;48;83m[48;2;8;49;81m▀[38;2;8;48;83m[48;2;8;49;81m▀[38;2;8;48;83m[48;2;8;49;81m▀[38;2;8;48;83m[48;2;8;49;81m▀[38;2;8;48;83m[48;2;8;49;81m▀[38;2;8;48;83m[48;2;8;49;81m▀[38;2;8;48;83m[48;2;8;49;81m▀[38;2;8;48;83m[48;2;8;49;81m▀[38;2;8;48;83m[48;2;8;49;81m▀[38;2;8;48;83m[48;2;8;49;81m▀[38;2;8;48;83m[48;2;8;49;81m▀[38;2;8;48;83m[48;2;8;49;81m▀[38;2;8;48;83m[48;2;8;49;81m▀[38;2;8;48;83m[48;2;8;49;81m▀[38;2;8;48;83m[48;2;8;49;81m▀[38;2;8;48;83m[48;2;8;49;81m▀[38;2;8;48;83m[48;2;8;49;81m▀[38;2;8;48;83m[48;2;8;49;81m▀[38;2;8;48;83m[48;2;8;49;81m▀[38;2;8;48;83m[48;2;8;49;81m▀[38;2;8;48;83m[48;2;8;49;81m▀[38;2;8;48;83m[48;2;8;49;81m▀[38;2;8;48;83m[48;2;8;49;81m▀[38;2;8;48;83m[48;2;8;49;81m▀[38;2;8;48;83m[48;2;8;49;81m▀[38;2;8;48;83m[48;2;8;49;81m▀[38;2;8;48;83m[48;2;8;49;81m▀[38;2;8;48;83m[48;2;8;49;81m▀[38;2;8;48;83m[48;2;8;49;81m▀[38;2;8;48;83m[48;2;8;49;81m▀[38;2;8;48;83m[48;2;8;49;81m▀[38;2;8;48;83m[48;2;8;49;81m▀[38;2;8;48;83m[48;2;8;49;81m▀[38;2;8;48;83m[48;2;8;49;81m▀[38;2;8;48;83m[48;2;8;49;81m▀[38;2;8;48;83m[48;2;8;49;81m▀[38;2;8;48;83m[48;2;8;49;81m▀[38;2;8;48;83m[48;2;8;49;81m▀[38;2;8;48;83m[48;2;8;49;81m▀[38;2;8;48;83m[48;2;8;49;81m▀[38;2;8;48;83m[48;2;8;49;81m▀[38;2;8;48;83m[48;2;8;49;81m▀[38;2;8;48;83m[48;2;8;49;81m▀[38;2;8;48;83m[48;2;8;49;81m▀[38;2;8;48;83m[48;2;8;49;81m▀[38;2;8;48;83m[48;2;8;49;81m▀[38;2;8;48;83m[48;2;8;49;81m▀[38;2;8;48;83m[48;2;8;49;81m▀[38;2;8;48;83m[48;2;8;49;81m▀[38;2;8;48;83m[48;2;8;49;81m▀[38;2;8;48;83m[48;2;8;49;81m▀[38;2;8;48;83m[48;2;8;49;81m▀[38;2;8;48;83m[48;2;8;49;81m▀[38;2;8;48;83m[48;2;8;49;81m▀[38;2;8;48;83m[48;2;8;49;81m▀[38;2;8;48;83m[48;2;8;49;81m▀[38;2;8;48;83m[48;2;8;49;81m▀[38;2;8;48;83m[48;2;8;49;81m▀[38;2;8;48;83m[48;2;8;49;81m▀[38;2;6;49;83m[48;2;8;49;81m▀[38;2;9;48;81m[48;2;8;49;81m▀[38;2;11;46;76m[48;2;11;46;76m▀[38;2;0;0;0m[48;2;0;0;0m▀[38;2;0;0;0m[48;2;0;0;0m▀[38;2;0;0;0m[48;2;0;0;0m▀[38;2;0;0;0m[48;2;0;0;0m▀[0m
[38;2;0;0;0m[48;2;0;0;0m▀[38;2;0;0;0m[48;2;0;0;0m▀[38;2;0;0;0m[48;2;0;0;0m▀[38;2;0;0;0m[48;2;0;0;0m▀[38;2;0;0;0m[48;2;0;0;0m▀[38;2;0;0;0m[48;2;0;0;0m▀[38;2;0;0;0m[48;2;0;0;0m▀[38;2;0;0;0m[48;2;0;0;0m▀[38;2;0;0;0m[48;2;0;0;0m▀[38;2;0;0;0m[48;2;0;0;0m▀[38;2;0;0;0m[48;2;0;0;0m▀[38;2;0;0;0m[48;2;0;0;0m▀[38;2;0;0;0m[48;2;0;0;0m▀[38;2;0;0;0m[48;2;0;0;0m▀[38;2;0;0;0m[48;2;0;0;0m▀[38;2;0;0;0m[48;2;0;0;0m▀[38;2;0;0;0m[48;2;0;0;0m▀[38;2;0;0;0m[48;2;0;0;0m▀[38;2;0;0;0m[48;2;0;0;0m▀[38;2;0;0;0m[48;2;0;0;0m▀[38;2;0;0;0m[48;2;0;0;0m▀[38;2;0;0;0m[48;2;0;0;0m▀[38;2;0;0;0m[48;2;0;0;0m▀[38;2;0;0;0m[48;2;0;0;0m▀[38;2;0;0;0m[48;2;0;0;0m▀[38;2;0;0;0m[48;2;0;0;0m▀[38;2;0;0;0m[48;2;0;0;0m▀[38;2;0;0;0m[48;2;0;0;0m▀[38;2;0;0;0m[48;2;0;0;0m▀[38;2;0;0;0m[48;2;0;0;0m▀[38;2;0;0;0m[48;2;0;0;0m▀[38;2;0;0;0m[48;2;0;0;0m▀[38;2;0;0;0m[48;2;0;0;0m▀[38;2;0;0;0m[48;2;0;0;0m▀[38;2;0;0;0m[48;2;0;0;0m▀[38;2;0;0;0m[48;2;0;0;0m▀[38;2;0;0;0m[48;2;0;0;0m▀[38;2;0;0;0m[48;2;0;0;0m▀[38;2;0;0;0m[48;2;0;0;0m▀[38;2;0;0;0m[48;2;0;0;0m▀[38;2;0;0;0m[48;2;0;0;0m▀[38;2;0;0;0m[48;2;0;0;0m▀[38;2;0;0;0m[48;2;0;0;0m▀[38;2;0;0;0m[48;2;0;0;0m▀[38;2;0;0;0m[48;2;0;0;0m▀[38;2;0;0;0m[48;2;0;0;0m▀[38;2;0;0;0m[48;2;0;0;0m▀[38;2;0;0;0m[48;2;0;0;0m▀[38;2;0;0;0m[48;2;0;0;0m▀[38;2;0;0;0m[48;2;0;0;0m▀[38;2;0;0;0m[48;2;0;0;0m▀[38;2;0;0;0m[48;2;0;0;0m▀[38;2;0;0;0m[48;2;0;0;0m▀[38;2;0;0;0m[48;2;0;0;0m▀[38;2;0;0;0m[48;2;0;0;0m▀[38;2;0;0;0m[48;2;0;0;0m▀[38;2;0;0;0m[48;2;0;0;0m▀[38;2;0;0;0m[48;2;0;0;0m▀[38;2;0;0;0m[48;2;0;0;0m▀[38;2;0;0;0m[48;2;0;0;0m▀[38;2;0;0;0m[48;2;0;0;0m▀[38;2;0;0;0m[48;2;0;0;0m▀[38;2;0;0;0m[48;2;0;0;0m▀[38;2;0;0;0m[48;2;0;0;0m▀[38;2;0;0;0m[48;2;0;0;0m▀[38;2;0;0;0m[48;2;0;0;0m▀[38;2;0;0;0m[48;2;0;0;0m▀[38;2;0;0;0m[48;2;0;0;0m▀[38;2;0;0;0m[48;2;0;0;0m▀[38;2;0;0;0m[48;2;0;0;0m▀[38;2;0;0;0m[48;2;0;0;0m▀[38;2;0;0;0m[48;2;0;0;0m▀[38;2;0;0;0m[48;2;0;0;0m▀[38;2;0;0;0m[48;2;0;0;0m▀[38;2;0;0;0m[48;2;0;0;0m▀[38;2;0;0;0m[48;2;0;0;0m▀[38;2;0;0;0m[48;2;0;0;0m▀[38;2;0;0;0m[48;2;0;0;0m▀[38;2;0;0;0m[48;2;0;0;0m▀[38;2;0;0;0m[48;2;0;0;0m▀[0m
[38;2;0;0;0m[48;2;0;0;0m▀[38;2;0;0;0m[48;2;0;0;0m▀[38;2;0;0;0m[48;2;0;0;0m▀[38;2;0;0;0m[48;2;0;0;0m▀[38;2;0;0;0m[48;2;0;0;0m▀[38;2;0;0;0m[48;2;0;0;0m▀[38;2;0;0;0m[48;2;0;0;0m▀[38;2;0;0;0m[48;2;0;0;0m▀[38;2;0;0;0m[48;2;0;0;0m▀[38;2;0;0;0m[48;2;0;0;0m▀[38;2;0;0;0m[48;2;0;0;0m▀[38;2;0;0;0m[48;2;0;0;0m▀[38;2;0;0;0m[48;2;0;0;0m▀[38;2;0;0;0m[48;2;0;0;0m▀[38;2;0;0;0m[48;2;0;0;0m▀[38;2;0;0;0m[48;2;0;0;0m▀[38;2;0;0;0m[48;2;0;0;0m▀[38;2;0;0;0m[48;2;0;0;0m▀[38;2;0;0;0m[48;2;0;0;0m▀[38;2;0;0;0m[48;2;0;0;0m▀[38;2;0;0;0m[48;2;0;0;0m▀[38;2;0;0;0m[48;2;0;0;0m▀[38;2;0;0;0m[48;2;0;0;0m▀[38;2;0;0;0m[48;2;0;0;0m▀[38;2;0;0;0m[48;2;0;0;0m▀[38;2;0;0;0m[48;2;0;0;0m▀[38;2;0;0;0m[48;2;0;0;0m▀[38;2;0;0;0m[48;2;0;0;0m▀[38;2;0;0;0m[48;2;0;0;0m▀[38;2;0;0;0m[48;2;0;0;0m▀[38;2;0;0;0m[48;2;0;0;0m▀[38;2;0;0;0m[48;2;0;0;0m▀[38;2;0;0;0m[48;2;0;0;0m▀[38;2;0;0;0m[48;2;0;0;0m▀[38;2;0;0;0m[48;2;0;0;0m▀[38;2;0;0;0m[48;2;0;0;0m▀[38;2;0;0;0m[48;2;0;0;0m▀[38;2;0;0;0m[48;2;0;0;0m▀[38;2;0;0;0m[48;2;0;0;0m▀[38;2;0;0;0m[48;2;0;0;0m▀[38;2;0;0;0m[48;2;0;0;0m▀[38;2;0;0;0m[48;2;0;0;0m▀[38;2;0;0;0m[48;2;0;0;0m▀[38;2;0;0;0m[48;2;0;0;0m▀[38;2;0;0;0m[48;2;0;0;0m▀[38;2;0;0;0m[48;2;0;0;0m▀[38;2;0;0;0m[48;2;0;0;0m▀[38;2;0;0;0m[48;2;0;0;0m▀[38;2;0;0;0m[48;2;0;0;0m▀[38;2;0;0;0m[48;2;0;0;0m▀[38;2;0;0;0m[48;2;0;0;0m▀[38;2;0;0;0m[48;2;0;0;0m▀[38;2;0;0;0m[48;2;0;0;0m▀[38;2;0;0;0m[48;2;0;0;0m▀[38;2;0;0;0m[48;2;0;0;0m▀[38;2;0;0;0m[48;2;0;0;0m▀[38;2;0;0;0m[48;2;0;0;0m▀[38;2;0;0;0m[48;2;0;0;0m▀[38;2;0;0;0m[48;2;0;0;0m▀[38;2;0;0;0m[48;2;0;0;0m▀[38;2;0;0;0m[48;2;0;0;0m▀[38;2;0;0;0m[48;2;0;0;0m▀[38;2;0;0;0m[48;2;0;0;0m▀[38;2;0;0;0m[48;2;0;0;0m▀[38;2;0;0;0m[48;2;0;0;0m▀[38;2;0;0;0m[48;2;0;0;0m▀[38;2;0;0;0m[48;2;0;0;0m▀[38;2;0;0;0m[48;2;0;0;0m▀[38;2;0;0;0m[48;2;0;0;0m▀[38;2;0;0;0m[48;2;0;0;0m▀[38;2;0;0;0m[48;2;0;0;0m▀[38;2;0;0;0m[48;2;0;0;0m▀[38;2;0;0;0m[48;2;0;0;0m▀[38;2;0;0;0m[48;2;0;0;0m▀[38;2;0;0;0m[48;2;0;0;0m▀[38;2;0;0;0m[48;2;0;0;0m▀[38;2;0;0;0m[48;2;0;0;0m▀[38;2;0;0;0m[48;2;0;0;0m▀[38;2;0;0;0m[48;2;0;0;0m▀[38;2;0;0;0m[48;2;0;0;0m▀[0m
[38;2;0;0;0m[48;2;0;0;0m▀[38;2;0;0;0m[48;2;0;0;0m▀[38;2;0;0;0m[48;2;0;0;0m▀[38;2;0;0;0m[48;2;0;0;0m▀[38;2;0;0;0m[48;2;0;0;0m▀[38;2;0;0;0m[48;2;0;0;0m▀[38;2;0;0;0m[48;2;0;0;0m▀[38;2;0;0;0m[48;2;0;0;0m▀[38;2;0;0;0m[48;2;0;0;0m▀[38;2;0;0;0m[48;2;0;0;0m▀[38;2;0;0;0m[48;2;0;0;0m▀[38;2;0;0;0m[48;2;0;0;0m▀[38;2;0;0;0m[48;2;0;0;0m▀[38;2;0;0;0m[48;2;0;0;0m▀[38;2;0;0;0m[48;2;0;0;0m▀[38;2;0;0;0m[48;2;0;0;0m▀[38;2;0;0;0m[48;2;0;0;0m▀[38;2;0;0;0m[48;2;0;0;0m▀[38;2;0;0;0m[48;2;0;0;0m▀[38;2;0;0;0m[48;2;0;0;0m▀[38;2;0;0;0m[48;2;0;0;0m▀[38;2;0;0;0m[48;2;0;0;0m▀[38;2;0;0;0m[48;2;0;0;0m▀[38;2;0;0;0m[48;2;0;0;0m▀[38;2;0;0;0m[48;2;0;0;0m▀[38;2;0;0;0m[48;2;0;0;0m▀[38;2;0;0;0m[48;2;0;0;0m▀[38;2;0;0;0m[48;2;0;0;0m▀[38;2;0;0;0m[48;2;0;0;0m▀[38;2;0;0;0m[48;2;0;0;0m▀[38;2;0;0;0m[48;2;0;0;0m▀[38;2;0;0;0m[48;2;0;0;0m▀[38;2;0;0;0m[48;2;0;0;0m▀[38;2;0;0;0m[48;2;0;0;0m▀[38;2;0;0;0m[48;2;0;0;0m▀[38;2;0;0;0m[48;2;0;0;0m▀[38;2;0;0;0m[48;2;0;0;0m▀[38;2;0;0;0m[48;2;0;0;0m▀[38;2;0;0;0m[48;2;0;0;0m▀[38;2;0;0;0m[48;2;0;0;0m▀[38;2;0;0;0m[48;2;0;0;0m▀[38;2;0;0;0m[48;2;0;0;0m▀[38;2;0;0;0m[48;2;0;0;0m▀[38;2;0;0;0m[48;2;0;0;0m▀[38;2;0;0;0m[48;2;0;0;0m▀[38;2;0;0;0m[48;2;0;0;0m▀[38;2;0;0;0m[48;2;0;0;0m▀[38;2;0;0;0m[48;2;0;0;0m▀[38;2;0;0;0m[48;2;0;0;0m▀[38;2;0;0;0m[48;2;0;0;0m▀[38;2;0;0;0m[48;2;0;0;0m▀[38;2;0;0;0m[48;2;0;0;0m▀[38;2;0;0;0m[48;2;0;0;0m▀[38;2;0;0;0m[48;2;0;0;0m▀[38;2;0;0;0m[48;2;0;0;0m▀[38;2;0;0;0m[48;2;0;0;0m▀[38;2;0;0;0m[48;2;0;0;0m▀[38;2;0;0;0m[48;2;0;0;0m▀[38;2;0;0;0m[48;2;0;0;0m▀[38;2;0;0;0m[48;2;0;0;0m▀[38;2;0;0;0m[48;2;0;0;0m▀[38;2;0;0;0m[48;2;0;0;0m▀[38;2;0;0;0m[48;2;0;0;0m▀[38;2;0;0;0m[48;2;0;0;0m▀[38;2;0;0;0m[48;2;0;0;0m▀[38;2;0;0;0m[48;2;0;0;0m▀[38;2;0;0;0m[48;2;0;0;0m▀[38;2;0;0;0m[48;2;0;0;0m▀[38;2;0;0;0m[48;2;0;0;0m▀[38;2;0;0;0m[48;2;0;0;0m▀[38;2;0;0;0m[48;2;0;0;0m▀[38;2;0;0;0m[48;2;0;0;0m▀[38;2;0;0;0m[48;2;0;0;0m▀[38;2;0;0;0m[48;2;0;0;0m▀[38;2;0;0;0m[48;2;0;0;0m▀[38;2;0;0;0m[48;2;0;0;0m▀[38;2;0;0;0m[48;2;0;0;0m▀[38;2;0;0;0m[48;2;0;0;0m▀[38;2;0;0;0m[48;2;0;0;0m▀[38;2;0;0;0m[48;2;0;0;0m▀[0m
[38;2;0;0;0m[48;2;0;0;0m▀[38;2;0;0;0m[48;2;0;0;0m▀[38;2;0;0;0m[48;2;0;0;0m▀[38;2;0;0;0m[48;2;0;0;0m▀[38;2;0;0;0m[48;2;0;0;0m▀[38;2;0;0;0m[48;2;0;0;0m▀[38;2;0;0;0m[48;2;0;0;0m▀[38;2;0;0;0m[48;2;0;0;0m▀[38;2;0;0;0m[48;2;0;0;0m▀[38;2;0;0;0m[48;2;0;0;0m▀[38;2;0;0;0m[48;2;0;0;0m▀[38;2;0;0;0m[48;2;0;0;0m▀[38;2;0;0;0m[48;2;0;0;0m▀[38;2;0;0;0m[48;2;0;0;0m▀[38;2;0;0;0m[48;2;0;0;0m▀[38;2;0;0;0m[48;2;0;0;0m▀[38;2;0;0;0m[48;2;0;0;0m▀[38;2;0;0;0m[48;2;0;0;0m▀[38;2;0;0;0m[48;2;0;0;0m▀[38;2;0;0;0m[48;2;0;0;0m▀[38;2;0;0;0m[48;2;0;0;0m▀[38;2;0;0;0m[48;2;0;0;0m▀[38;2;0;0;0m[48;2;0;0;0m▀[38;2;0;0;0m[48;2;0;0;0m▀[38;2;0;0;0m[48;2;0;0;0m▀[38;2;0;0;0m[48;2;0;0;0m▀[38;2;0;0;0m[48;2;0;0;0m▀[38;2;0;0;0m[48;2;0;0;0m▀[38;2;0;0;0m[48;2;0;0;0m▀[38;2;0;0;0m[48;2;0;0;0m▀[38;2;0;0;0m[48;2;0;0;0m▀[38;2;0;0;0m[48;2;0;0;0m▀[38;2;0;0;0m[48;2;0;0;0m▀[38;2;0;0;0m[48;2;0;0;0m▀[38;2;0;0;0m[48;2;0;0;0m▀[38;2;0;0;0m[48;2;0;0;0m▀[38;2;0;0;0m[48;2;0;0;0m▀[38;2;0;0;0m[48;2;0;0;0m▀[38;2;0;0;0m[48;2;0;0;0m▀[38;2;0;0;0m[48;2;0;0;0m▀[38;2;0;0;0m[48;2;0;0;0m▀[38;2;0;0;0m[48;2;0;0;0m▀[38;2;0;0;0m[48;2;0;0;0m▀[38;2;0;0;0m[48;2;0;0;0m▀[38;2;0;0;0m[48;2;0;0;0m▀[38;2;0;0;0m[48;2;0;0;0m▀[38;2;0;0;0m[48;2;0;0;0m▀[38;2;0;0;0m[48;2;0;0;0m▀[38;2;0;0;0m[48;2;0;0;0m▀[38;2;0;0;0m[48;2;0;0;0m▀[38;2;0;0;0m[48;2;0;0;0m▀[38;2;0;0;0m[48;2;0;0;0m▀[38;2;0;0;0m[48;2;0;0;0m▀[38;2;0;0;0m[48;2;0;0;0m▀[38;2;0;0;0m[48;2;0;0;0m▀[38;2;0;0;0m[48;2;0;0;0m▀[38;2;0;0;0m[48;2;0;0;0m▀[38;2;0;0;0m[48;2;0;0;0m▀[38;2;0;0;0m[48;2;0;0;0m▀[38;2;0;0;0m[48;2;0;0;0m▀[38;2;0;0;0m[48;2;0;0;0m▀[38;2;0;0;0m[48;2;0;0;0m▀[38;2;0;0;0m[48;2;0;0;0m▀[38;2;0;0;0m[48;2;0;0;0m▀[38;2;0;0;0m[48;2;0;0;0m▀[38;2;0;0;0m[48;2;0;0;0m▀[38;2;0;0;0m[48;2;0;0;0m▀[38;2;0;0;0m[48;2;0;0;0m▀[38;2;0;0;0m[48;2;0;0;0m▀[38;2;0;0;0m[48;2;0;0;0m▀[38;2;0;0;0m[48;2;0;0;0m▀[38;2;0;0;0m[48;2;0;0;0m▀[38;2;0;0;0m[48;2;0;0;0m▀[38;2;0;0;0m[48;2;0;0;0m▀[38;2;0;0;0m[48;2;0;0;0m▀[38;2;0;0;0m[48;2;0;0;0m▀[38;2;0;0;0m[48;2;0;0;0m▀[38;2;0;0;0m[48;2;0;0;0m▀[38;2;0;0;0m[48;2;0;0;0m▀[38;2;0;0;0m[48;2;0;0;0m▀[0m
[38;2;0;0;0m[48;2;0;0;0m▀[38;2;0;0;0m[48;2;0;0;0m▀[38;2;0;0;0m[48;2;0;0;0m▀[38;2;0;0;0m[48;2;0;0;0m▀[38;2;0;0;0m[48;2;0;0;0m▀[38;2;0;0;0m[48;2;0;0;0m▀[38;2;0;0;0m[48;2;0;0;0m▀[38;2;0;0;0m[48;2;0;0;0m▀[38;2;0;0;0m[48;2;0;0;0m▀[38;2;0;0;0m[48;2;0;0;0m▀[38;2;0;0;0m[48;2;0;0;0m▀[38;2;0;0;0m[48;2;0;0;0m▀[38;2;0;0;0m[48;2;0;0;0m▀[38;2;0;0;0m[48;2;0;0;0m▀[38;2;0;0;0m[48;2;0;0;0m▀[38;2;0;0;0m[48;2;0;0;0m▀[38;2;0;0;0m[48;2;0;0;0m▀[38;2;0;0;0m[48;2;0;0;0m▀[38;2;0;0;0m[48;2;0;0;0m▀[38;2;0;0;0m[48;2;0;0;0m▀[38;2;0;0;0m[48;2;0;0;0m▀[38;2;0;0;0m[48;2;0;0;0m▀[38;2;0;0;0m[48;2;0;0;0m▀[38;2;0;0;0m[48;2;0;0;0m▀[38;2;0;0;0m[48;2;0;0;0m▀[38;2;0;0;0m[48;2;0;0;0m▀[38;2;0;0;0m[48;2;0;0;0m▀[38;2;0;0;0m[48;2;0;0;0m▀[38;2;0;0;0m[48;2;0;0;0m▀[38;2;0;0;0m[48;2;0;0;0m▀[38;2;0;0;0m[48;2;0;0;0m▀[38;2;0;0;0m[48;2;0;0;0m▀[38;2;0;0;0m[48;2;0;0;0m▀[38;2;0;0;0m[48;2;0;0;0m▀[38;2;0;0;0m[48;2;0;0;0m▀[38;2;0;0;0m[48;2;0;0;0m▀[38;2;0;0;0m[48;2;0;0;0m▀[38;2;0;0;0m[48;2;0;0;0m▀[38;2;0;0;0m[48;2;0;0;0m▀[38;2;0;0;0m[48;2;0;0;0m▀[38;2;0;0;0m[48;2;0;0;0m▀[38;2;0;0;0m[48;2;0;0;0m▀[38;2;0;0;0m[48;2;0;0;0m▀[38;2;0;0;0m[48;2;0;0;0m▀[38;2;0;0;0m[48;2;0;0;0m▀[38;2;0;0;0m[48;2;0;0;0m▀[38;2;0;0;0m[48;2;0;0;0m▀[38;2;0;0;0m[48;2;0;0;0m▀[38;2;0;0;0m[48;2;0;0;0m▀[38;2;0;0;0m[48;2;0;0;0m▀[38;2;0;0;0m[48;2;0;0;0m▀[38;2;0;0;0m[48;2;0;0;0m▀[38;2;0;0;0m[48;2;0;0;0m▀[38;2;0;0;0m[48;2;0;0;0m▀[38;2;0;0;0m[48;2;0;0;0m▀[38;2;0;0;0m[48;2;0;0;0m▀[38;2;0;0;0m[48;2;0;0;0m▀[38;2;0;0;0m[48;2;0;0;0m▀[38;2;0;0;0m[48;2;0;0;0m▀[38;2;0;0;0m[48;2;0;0;0m▀[38;2;0;0;0m[48;2;0;0;0m▀[38;2;0;0;0m[48;2;0;0;0m▀[38;2;0;0;0m[48;2;0;0;0m▀[38;2;0;0;0m[48;2;0;0;0m▀[38;2;0;0;0m[48;2;0;0;0m▀[38;2;0;0;0m[48;2;0;0;0m▀[38;2;0;0;0m[48;2;0;0;0m▀[38;2;0;0;0m[48;2;0;0;0m▀[38;2;0;0;0m[48;2;0;0;0m▀[38;2;0;0;0m[48;2;0;0;0m▀[38;2;0;0;0m[48;2;0;0;0m▀[38;2;0;0;0m[48;2;0;0;0m▀[38;2;0;0;0m[48;2;0;0;0m▀[38;2;0;0;0m[48;2;0;0;0m▀[38;2;0;0;0m[48;2;0;0;0m▀[38;2;0;0;0m[48;2;0;0;0m▀[38;2;0;0;0m[48;2;0;0;0m▀[38;2;0;0;0m[48;2;0;0;0m▀[38;2;0;0;0m[48;2;0;0;0m▀[38;2;0;0;0m[48;2;0;0;0m▀[0m
[38;2;0;0;0m[48;2;0;0;0m▀[38;2;0;0;0m[48;2;0;0;0m▀[38;2;0;0;0m[48;2;0;0;0m▀[38;2;0;0;0m[48;2;0;0;0m▀[38;2;0;0;0m[48;2;0;0;0m▀[38;2;0;0;0m[48;2;0;0;0m▀[38;2;0;0;0m[48;2;0;0;0m▀[38;2;0;0;0m[48;2;0;0;0m▀[38;2;0;0;0m[48;2;0;0;0m▀[38;2;0;0;0m[48;2;0;0;0m▀[38;2;0;0;0m[48;2;0;0;0m▀[38;2;0;0;0m[48;2;0;0;0m▀[38;2;0;0;0m[48;2;0;0;0m▀[38;2;0;0;0m[48;2;0;0;0m▀[38;2;0;0;0m[48;2;0;0;0m▀[38;2;0;0;0m[48;2;0;0;0m▀[38;2;0;0;0m[48;2;0;0;0m▀[38;2;0;0;0m[48;2;0;0;0m▀[38;2;0;0;0m[48;2;0;0;0m▀[38;2;0;0;0m[48;2;0;0;0m▀[38;2;0;0;0m[48;2;0;0;0m▀[38;2;0;0;0m[48;2;0;0;0m▀[38;2;0;0;0m[48;2;0;0;0m▀[38;2;0;0;0m[48;2;0;0;0m▀[38;2;0;0;0m[48;2;0;0;0m▀[38;2;0;0;0m[48;2;0;0;0m▀[38;2;0;0;0m[48;2;0;0;0m▀[38;2;0;0;0m[48;2;0;0;0m▀[38;2;0;0;0m[48;2;0;0;0m▀[38;2;0;0;0m[48;2;0;0;0m▀[38;2;0;0;0m[48;2;0;0;0m▀[38;2;0;0;0m[48;2;0;0;0m▀[38;2;0;0;0m[48;2;0;0;0m▀[38;2;0;0;0m[48;2;0;0;0m▀[38;2;0;0;0m[48;2;0;0;0m▀[38;2;0;0;0m[48;2;0;0;0m▀[38;2;0;0;0m[48;2;0;0;0m▀[38;2;0;0;0m[48;2;0;0;0m▀[38;2;0;0;0m[48;2;0;0;0m▀[38;2;0;0;0m[48;2;0;0;0m▀[38;2;0;0;0m[48;2;0;0;0m▀[38;2;0;0;0m[48;2;0;0;0m▀[38;2;0;0;0m[48;2;0;0;0m▀[38;2;0;0;0m[48;2;0;0;0m▀[38;2;0;0;0m[48;2;0;0;0m▀[38;2;0;0;0m[48;2;0;0;0m▀[38;2;0;0;0m[48;2;0;0;0m▀[38;2;0;0;0m[48;2;0;0;0m▀[38;2;0;0;0m[48;2;0;0;0m▀[38;2;0;0;0m[48;2;0;0;0m▀[38;2;0;0;0m[48;2;0;0;0m▀[38;2;0;0;0m[48;2;0;0;0m▀[38;2;0;0;0m[48;2;0;0;0m▀[38;2;0;0;0m[48;2;0;0;0m▀[38;2;0;0;0m[48;2;0;0;0m▀[38;2;0;0;0m[48;2;0;0;0m▀[38;2;0;0;0m[48;2;0;0;0m▀[38;2;0;0;0m[48;2;0;0;0m▀[38;2;0;0;0m[48;2;0;0;0m▀[38;2;0;0;0m[48;2;0;0;0m▀[38;2;0;0;0m[48;2;0;0;0m▀[38;2;0;0;0m[48;2;0;0;0m▀[38;2;0;0;0m[48;2;0;0;0m▀[38;2;0;0;0m[48;2;0;0;0m▀[38;2;0;0;0m[48;2;0;0;0m▀[38;2;0;0;0m[48;2;0;0;0m▀[38;2;0;0;0m[48;2;0;0;0m▀[38;2;0;0;0m[48;2;0;0;0m▀[38;2;0;0;0m[48;2;0;0;0m▀[38;2;0;0;0m[48;2;0;0;0m▀[38;2;0;0;0m[48;2;0;0;0m▀[38;2;0;0;0m[48;2;0;0;0m▀[38;2;0;0;0m[48;2;0;0;0m▀[38;2;0;0;0m[48;2;0;0;0m▀[38;2;0;0;0m[48;2;0;0;0m▀[38;2;0;0;0m[48;2;0;0;0m▀[38;2;0;0;0m[48;2;0;0;0m▀[38;2;0;0;0m[48;2;0;0;0m▀[38;2;0;0;0m[48;2;0;0;0m▀[38;2;0;0;0m[48;2;0;0;0m▀[0m
[38;2;0;0;0m[48;2;0;0;0m▀[38;2;0;0;0m[48;2;0;0;0m▀[38;2;0;0;0m[48;2;0;0;0m▀[38;2;0;0;0m[48;2;0;0;0m▀[38;2;0;0;0m[48;2;0;0;0m▀[38;2;0;0;0m[48;2;0;0;0m▀[38;2;0;0;0m[48;2;0;0;0m▀[38;2;0;0;0m[48;2;0;0;0m▀[38;2;0;0;0m[48;2;0;0;0m▀[38;2;0;0;0m[48;2;0;0;0m▀[38;2;0;0;0m[48;2;0;0;0m▀[38;2;0;0;0m[48;2;0;0;0m▀[38;2;0;0;0m[48;2;0;0;0m▀[38;2;0;0;0m[48;2;0;0;0m▀[38;2;0;0;0m[48;2;0;0;0m▀[38;2;0;0;0m[48;2;0;0;0m▀[38;2;0;0;0m[48;2;0;0;0m▀[38;2;0;0;0m[48;2;0;0;0m▀[38;2;0;0;0m[48;2;0;0;0m▀[38;2;0;0;0m[48;2;0;0;0m▀[38;2;0;0;0m[48;2;0;0;0m▀[38;2;0;0;0m[48;2;0;0;0m▀[38;2;0;0;0m[48;2;0;0;0m▀[38;2;0;0;0m[48;2;0;0;0m▀[38;2;0;0;0m[48;2;0;0;0m▀[38;2;0;0;0m[48;2;0;0;0m▀[38;2;0;0;0m[48;2;0;0;0m▀[38;2;0;0;0m[48;2;0;0;0m▀[38;2;0;0;0m[48;2;0;0;0m▀[38;2;0;0;0m[48;2;0;0;0m▀[38;2;0;0;0m[48;2;0;0;0m▀[38;2;0;0;0m[48;2;0;0;0m▀[38;2;0;0;0m[48;2;0;0;0m▀[38;2;0;0;0m[48;2;0;0;0m▀[38;2;0;0;0m[48;2;0;0;0m▀[38;2;0;0;0m[48;2;0;0;0m▀[38;2;0;0;0m[48;2;0;0;0m▀[38;2;0;0;0m[48;2;0;0;0m▀[38;2;0;0;0m[48;2;0;0;0m▀[38;2;0;0;0m[48;2;0;0;0m▀[38;2;0;0;0m[48;2;0;0;0m▀[38;2;0;0;0m[48;2;0;0;0m▀[38;2;0;0;0m[48;2;0;0;0m▀[38;2;0;0;0m[48;2;0;0;0m▀[38;2;0;0;0m[48;2;0;0;0m▀[38;2;0;0;0m[48;2;0;0;0m▀[38;2;0;0;0m[48;2;0;0;0m▀[38;2;0;0;0m[48;2;0;0;0m▀[38;2;0;0;0m[48;2;0;0;0m▀[38;2;0;0;0m[48;2;0;0;0m▀[38;2;0;0;0m[48;2;0;0;0m▀[38;2;0;0;0m[48;2;0;0;0m▀[38;2;0;0;0m[48;2;0;0;0m▀[38;2;0;0;0m[48;2;0;0;0m▀[38;2;0;0;0m[48;2;0;0;0m▀[38;2;0;0;0m[48;2;0;0;0m▀[38;2;0;0;0m[48;2;0;0;0m▀[38;2;0;0;0m[48;2;0;0;0m▀[38;2;0;0;0m[48;2;0;0;0m▀[38;2;0;0;0m[48;2;0;0;0m▀[38;2;0;0;0m[48;2;0;0;0m▀[38;2;0;0;0m[48;2;0;0;0m▀[38;2;0;0;0m[48;2;0;0;0m▀[38;2;0;0;0m[48;2;0;0;0m▀[38;2;0;0;0m[48;2;0;0;0m▀[38;2;0;0;0m[48;2;0;0;0m▀[38;2;0;0;0m[48;2;0;0;0m▀[38;2;0;0;0m[48;2;0;0;0m▀[38;2;0;0;0m[48;2;0;0;0m▀[38;2;0;0;0m[48;2;0;0;0m▀[38;2;0;0;0m[48;2;0;0;0m▀[38;2;0;0;0m[48;2;0;0;0m▀[38;2;0;0;0m[48;2;0;0;0m▀[38;2;0;0;0m[48;2;0;0;0m▀[38;2;0;0;0m[48;2;0;0;0m▀[38;2;0;0;0m[48;2;0;0;0m▀[38;2;0;0;0m[48;2;0;0;0m▀[38;2;0;0;0m[48;2;0;0;0m▀[38;2;0;0;0m[48;2;0;0;0m▀[38;2;0;0;0m[48;2;0;0;0m▀[0m
